20, 50
20, 54
20, 57
20, 59
20, 59
20, 59
20, 59
20, 60
20, 62
20, 62
20, 62
20, 63
20, 63
20, 64
20, 64
20, 64
20, 65
20, 67
20, 69
20, 73
20, 76
20, 76
20, 76
20, 76
20, 78
20, 80
20, 81
20, 80
20, 78
20, 76
20, 76
21, 76
22, 76
22, 76
22, 77
24, 79
24, 79
24, 79
24, 79
24, 79
24, 79
24, 79
24, 79
24, 78
24, 78
24, 78
24, 78
24, 78
24, 78
24, 78
24, 78
24, 77
24, 77
24, 77
24, 76
26, 76
28, 77
28, 77
28, 77
28, 77
28, 77
28, 77
28, 77
28, 77
28, 77
28, 77
28, 77
28, 77
28, 77
28, 77
28, 77
28, 77
28, 77
28, 77
28, 79
28, 80
28, 80
28, 80
28, 81
28, 81
28, 81
28, 84
28, 83
28, 82
28, 82
28, 81
28, 81
28, 81
28, 80
28, 82
28, 80
28, 80
28, 75
28, 73
28, 72
28, 72
28, 72
28, 72
28, 71
28, 70
28, 70
28, 63
28, 61
28, 61
28, 60
28, 62
28, 62
28, 61
28, 58
28, 57
28, 55
28, 52
28, 52
28, 52
28, 52
28, 52
28, 51
28, 50
28, 50
28, 50
28, 50
28, 50
28, 50
28, 50
28, 50
28, 50
28, 49
28, 49
28, 49
28, 48
28, 48
28, 49
28, 48
28, 48
28, 48
28, 48
28, 48
28, 48
28, 47
31, 46
33, 46
33, 45
34, 45
36, 45
38, 45
40, 45
41, 44
41, 44
41, 44
41, 44
41, 44
41, 43
41, 43
41, 42
41, 41
41, 41
41, 41
41, 41
41, 41
41, 41
41, 41
41, 41
41, 42
41, 44
41, 46
41, 45
41, 45
41, 44
41, 44
41, 43
41, 43
41, 42
41, 42
41, 42
41, 42
41, 42
41, 42
41, 42
41, 42
41, 42
41, 40
41, 40
41, 40
41, 40
41, 40
41, 40
41, 40
41, 40
41, 40
41, 40
41, 40
41, 40
41, 40
41, 40
41, 40
41, 39
41, 39
41, 39
41, 39
41, 39
41, 38
41, 36
41, 36
41, 36
41, 36
41, 36
41, 36
41, 35
41, 35
41, 35
41, 36
41, 38
41, 40
41, 42
41, 42
41, 42
41, 42
41, 42
41, 42
41, 42
41, 42
41, 41
41, 41
41, 40
41, 40
41, 40
41, 40
41, 40
41, 40
41, 40
41, 40
41, 40
41, 40
41, 40
41, 40
41, 40
41, 40
41, 41
41, 41
41, 42
41, 42
41, 44
41, 44
41, 44
41, 44
41, 44
41, 44
41, 44
41, 44
41, 45
41, 45
41, 43
41, 43
41, 42
42, 42
42, 40
42, 40
42, 40
42, 40
42, 40
42, 40
42, 41
42, 41
42, 42
42, 42
42, 42
42, 42
42, 42
42, 43
42, 43
42, 43
42, 43
42, 43
42, 43
42, 43
42, 42
42, 42
42, 42
42, 42
42, 42
42, 43
42, 43
42, 43
44, 43
46, 43
46, 43
46, 43
46, 43
46, 44
46, 44
46, 43
46, 43
46, 42
46, 42
46, 42
46, 42
46, 42
46, 42
46, 41
46, 41
46, 41
46, 39
46, 38
46, 37
46, 35
46, 35
46, 35
46, 35
46, 35
46, 35
48, 35
50, 35
51, 35
51, 35
51, 35
51, 34
51, 34
51, 34
51, 34
51, 34
51, 34
51, 34
51, 33
51, 33
51, 33
51, 33
51, 33
51, 32
51, 31
51, 30
51, 30
51, 30
51, 28
51, 28
51, 28
51, 28
51, 27
51, 27
51, 27
51, 27
51, 27
51, 27
51, 27
51, 27
51, 27
51, 27
51, 27
51, 27
51, 27
51, 27
51, 27
51, 26
51, 25
51, 25
51, 24
51, 24
51, 25
51, 25
51, 25
51, 25
51, 24
51, 24
51, 24
51, 24
51, 24
51, 24
51, 24
51, 24
51, 24
51, 24
51, 24
51, 24
51, 23
51, 23
51, 23
51, 23
51, 23
51, 23
51, 23
51, 22
51, 22
51, 22
51, 22
51, 22
51, 22
51, 22
51, 22
51, 22
51, 22
51, 22
51, 21
51, 21
51, 21
51, 21
51, 21
51, 21
51, 21
51, 21
51, 21
51, 21
51, 21
51, 21
51, 20
51, 20
51, 19
51, 20
51, 20
51, 20
51, 20
51, 20
51, 20
51, 20
51, 20
51, 20
51, 20
51, 20
51, 20
51, 20
51, 20
51, 20
51, 19
51, 18
51, 18
51, 18
52, 18
54, 18
55, 17
55, 17
55, 17
55, 17
55, 17
55, 17
55, 17
55, 17
55, 17
55, 17
55, 17
55, 17
55, 17
55, 17
55, 17
55, 17
55, 17
55, 17
55, 17
55, 19
55, 21
55, 23
55, 25
55, 26
55, 26
55, 26
55, 26
55, 26
55, 26
55, 26
55, 26
55, 26
55, 26
55, 26
55, 27
55, 27
55, 27
55, 27
55, 27
55, 27
55, 27
55, 27
55, 27
55, 27
55, 27
55, 26
55, 26
55, 26
55, 26
55, 26
55, 26
55, 26
55, 26
55, 26
55, 26
55, 26
55, 26
55, 26
55, 26
55, 26
55, 26
55, 26
55, 26
55, 26
55, 26
55, 26
55, 26
55, 26
55, 26
55, 26
55, 25
55, 25
55, 25
55, 24
55, 24
55, 23
55, 23
55, 23
55, 23
55, 23
55, 23
55, 23
55, 23
55, 23
55, 23
55, 23
55, 23
55, 23
55, 23
55, 23
55, 22
55, 22
55, 22
55, 22
55, 22
55, 22
56, 22
56, 22
56, 22
56, 22
56, 22
56, 22
56, 22
56, 22
56, 22
56, 22
56, 22
56, 23
56, 23
56, 23
56, 22
56, 21
56, 22
56, 24
56, 24
55, 24
55, 24
55, 25
55, 25
55, 25
55, 24
55, 24
56, 24
58, 24
58, 24
58, 23
59, 23
60, 23
60, 23
60, 22
59, 21
59, 21
59, 21
59, 21
59, 21
59, 21
59, 21
59, 21
59, 21
59, 21
59, 21
59, 21
59, 21
59, 21
59, 21
59, 21
58, 21
58, 21
58, 21
58, 21
58, 21
58, 21
58, 21
58, 21
58, 21
58, 21
58, 21
58, 21
58, 20
58, 20
58, 20
58, 20
58, 20
58, 20
58, 20
58, 20
58, 20
58, 20
58, 20
58, 20
58, 20
58, 20
58, 20
58, 20
58, 21
58, 19
58, 19
58, 19
58, 19
56, 19
55, 19
55, 19
55, 19
55, 19
55, 19
55, 19
55, 19
55, 19
55, 19
55, 20
54, 20
54, 19
54, 19
54, 20
54, 20
53, 22
53, 23
53, 23
53, 25
53, 28
53, 28
53, 28
53, 30
53, 32
53, 34
53, 34
53, 34
53, 33
53, 32
53, 32
53, 31
53, 31
53, 31
53, 31
52, 31
52, 31
52, 31
52, 31
52, 31
52, 31
52, 31
52, 31
52, 31
52, 31
52, 30
52, 30
52, 30
52, 30
52, 30
52, 30
52, 29
52, 29
52, 29
52, 29
52, 29
52, 28
52, 28
52, 28
52, 28
52, 27
52, 27
52, 27
51, 27
51, 27
51, 27
51, 27
50, 27
49, 27
49, 27
49, 27
49, 27
49, 27
49, 27
48, 27
48, 26
48, 26
48, 26
48, 26
48, 26
47, 25
46, 25
46, 25
46, 25
46, 25
46, 25
46, 25
46, 25
46, 25
46, 25
46, 25
46, 25
46, 25
46, 25
45, 25
45, 25
45, 24
45, 24
45, 23
45, 23
45, 22
45, 22
45, 22
45, 22
45, 22
45, 21
45, 20
45, 19
45, 19
46, 19
46, 18
46, 17
46, 17
46, 16
46, 16
46, 16
46, 17
46, 18
46, 18
46, 18
46, 18
45, 18
45, 18
45, 18
44, 18
44, 18
44, 18
44, 18
44, 18
44, 18
44, 18
44, 19
44, 19
44, 19
44, 21
44, 19
44, 19
44, 19
44, 19
44, 21
44, 21
44, 21
44, 21
44, 21
44, 21
44, 21
44, 22
44, 21
44, 21
44, 23
44, 25
44, 26
43, 26
43, 28
43, 31
43, 33
43, 33
43, 33
43, 33
43, 33
43, 33
43, 33
43, 33
43, 33
43, 34
43, 34
43, 36
43, 34
43, 34
43, 34
43, 35
43, 36
43, 36
43, 36
43, 36
43, 36
43, 36
43, 37
43, 39
43, 39
43, 39
43, 39
43, 38
43, 39
43, 39
42, 39
42, 39
42, 39
42, 39
42, 39
42, 39
42, 38
42, 37
42, 37
42, 37
42, 37
42, 37
42, 37
42, 37
42, 37
42, 37
42, 37
42, 37
42, 37
42, 37
42, 37
42, 37
41, 36
41, 36
41, 36
41, 36
41, 36
41, 36
41, 36
41, 36
41, 35
41, 35
41, 35
41, 34
41, 34
41, 34
41, 34
41, 33
41, 33
41, 33
41, 33
40, 33
40, 34
40, 34
40, 35
40, 34
39, 35
39, 37
39, 38
39, 38
39, 37
39, 37
39, 36
39, 36
39, 36
39, 35
39, 35
39, 34
39, 34
39, 34
39, 35
39, 34
38, 34
38, 34
38, 34
38, 34
38, 33
38, 33
38, 33
38, 33
38, 33
38, 33
38, 32
37, 32
37, 32
37, 32
37, 31
37, 31
37, 31
36, 31
36, 31
36, 31
36, 31
36, 31
36, 30
36, 30
36, 30
36, 30
36, 31
36, 31
36, 31
36, 31
36, 32
36, 32
36, 32
36, 32
36, 32
36, 32
36, 32
36, 32
35, 32
35, 32
34, 32
34, 32
33, 32
33, 33
33, 33
33, 33
33, 33
32, 33
31, 33
30, 33
29, 33
29, 33
29, 33
28, 33
28, 34
28, 34
28, 34
28, 34
28, 34
28, 34
28, 34
27, 34
27, 34
27, 34
27, 34
27, 33
27, 33
27, 33
27, 33
27, 33
27, 33
27, 33
27, 33
27, 33
27, 33
27, 33
27, 32
27, 32
27, 32
27, 32
27, 32
27, 32
27, 32
27, 32
27, 32
27, 32
27, 32
27, 32
27, 32
27, 32
27, 32
27, 32
27, 32
27, 32
27, 32
27, 32
26, 33
26, 33
26, 34
26, 34
26, 34
26, 34
26, 34
26, 34
26, 34
26, 34
26, 34
26, 34
26, 35
26, 36
26, 35
25, 34
25, 34
25, 34
25, 34
25, 34
25, 34
25, 35
25, 35
25, 35
24, 36
24, 37
24, 40
24, 41
24, 41
24, 40
24, 40
24, 39
24, 39
24, 39
24, 39
24, 39
24, 39
24, 39
24, 38
24, 38
24, 39
24, 40
24, 40
23, 40
23, 40
22, 40
22, 40
22, 40
22, 40
22, 40
22, 40
22, 41
22, 41
22, 41
22, 41
22, 41
22, 41
22, 41
22, 41
22, 42
22, 42
22, 42
22, 42
22, 42
22, 42
22, 42
22, 42
22, 42
22, 42
22, 42
22, 42
22, 42
22, 42
22, 43
22, 44
22, 44
22, 44
22, 44
22, 44
22, 44
22, 45
22, 45
22, 45
22, 46
22, 49
22, 49
22, 49
22, 49
22, 51
24, 53
25, 53
26, 53
26, 53
26, 53
26, 55
26, 55
26, 55
26, 55
26, 54
26, 54
26, 53
26, 53
26, 53
26, 52
26, 52
26, 52
26, 52
26, 52
26, 52
26, 52
26, 52
26, 52
26, 52
26, 52
26, 52
26, 51
26, 51
26, 48
26, 47
26, 48
26, 49
27, 48
27, 48
27, 48
27, 48
27, 48
27, 48
27, 47
27, 47
27, 47
27, 47
27, 46
27, 46
27, 46
27, 46
27, 47
27, 47
26, 48
25, 49
25, 50
25, 50
25, 50
25, 50
25, 50
25, 50
25, 50
25, 52
25, 54
25, 54
25, 54
25, 53
25, 54
25, 55
25, 56
25, 56
25, 56
25, 56
25, 56
25, 58
25, 60
25, 61
25, 61
25, 61
25, 61
25, 61
25, 61
25, 61
25, 61
25, 61
25, 61
25, 61
25, 60
25, 59
25, 58
25, 60
25, 59
25, 58
25, 58
25, 58
25, 58
25, 58
25, 58
25, 60
25, 63
25, 67
25, 67
25, 67
25, 71
25, 72
25, 73
25, 73
25, 72
25, 72
25, 72
25, 72
25, 74
25, 76
25, 77
25, 78
25, 78
25, 79
25, 80
25, 80
25, 80
25, 80
25, 80
25, 80
25, 80
25, 82
25, 83
25, 83
25, 85
25, 85
25, 85
25, 85
25, 86
25, 86
25, 86
25, 86
25, 86
25, 86
25, 86
25, 86
25, 87
25, 86
25, 86
25, 86
25, 87
25, 88
25, 88
25, 88
25, 88
25, 88
25, 90
25, 90
25, 90
25, 92
25, 91
25, 91
25, 93
25, 96
25, 98
25, 98
25, 99
25, 98
25, 99
25, 99
25, 101
24, 101
24, 101
24, 102
24, 103
23, 103
23, 103
22, 102
22, 103
22, 103
22, 103
22, 104
22, 106
22, 107
22, 109
22, 110
22, 111
22, 111
22, 112
22, 113
22, 115
22, 118
22, 118
22, 120
22, 122
22, 125
22, 124
22, 126
22, 124
22, 125
22, 127
22, 124
22, 124
22, 125
22, 127
22, 129
22, 129
22, 130
22, 130
22, 130
22, 132
22, 133
22, 133
22, 135
22, 135
22, 137
22, 137
22, 137
22, 137
22, 139
22, 139
22, 140
22, 138
22, 139
22, 139
22, 138
22, 142
22, 144
22, 144
22, 145
22, 147
22, 148
22, 150
22, 153
22, 154
22, 156
22, 157
22, 157
22, 156
22, 156
22, 156
21, 155
21, 157
21, 158
21, 156
21, 156
21, 158
21, 157
21, 156
21, 158
21, 157
20, 157
20, 158
20, 157
20, 157
20, 156
20, 154
21, 156
21, 156
21, 155
21, 157
21, 154
21, 154
21, 154
21, 154
21, 154
21, 154
21, 154
21, 156
21, 157
21, 158
21, 160
21, 157
21, 156
21, 155
21, 155
21, 156
21, 155
21, 156
21, 155
21, 157
21, 156
21, 154
21, 155
21, 157
21, 160
21, 162
21, 166
21, 165
21, 169
21, 171
21, 172
21, 174
21, 174
21, 176
21, 177
21, 176
21, 176
21, 172
21, 176
21, 177
21, 176
21, 176
21, 179
21, 180
21, 180
21, 178
21, 177
21, 177
21, 175
21, 174
21, 175
21, 175
21, 175
21, 175
21, 177
21, 178
21, 178
21, 179
21, 181
21, 180
21, 179
21, 180
21, 179
21, 179
21, 180
21, 178
21, 179
21, 180
21, 183
21, 184
21, 184
21, 185
21, 186
21, 185
21, 186
21, 189
21, 187
21, 186
21, 188
21, 188
22, 187
22, 186
22, 188
22, 194
22, 194
22, 195
22, 194
22, 192
22, 191
22, 190
22, 187
22, 188
22, 190
22, 188
22, 192
22, 193
22, 192
22, 194
22, 194
22, 195
21, 196
21, 196
21, 198
21, 198
21, 199
21, 204
21, 206
21, 208
21, 208
21, 210
21, 209
21, 209
21, 207
21, 207
21, 207
21, 206
21, 204
21, 201
21, 199
21, 199
21, 200
21, 201
21, 202
20, 202
20, 203
20, 204
20, 205
20, 206
20, 208
20, 206
20, 208
20, 210
20, 214
20, 212
20, 214
20, 213
20, 212
20, 212
20, 211
20, 213
20, 214
20, 215
20, 216
20, 215
20, 214
20, 213
20, 214
20, 215
20, 214
20, 211
20, 213
20, 211
20, 212
20, 216
20, 215
20, 216
20, 215
20, 214
20, 214
20, 211
20, 208
20, 207
20, 206
20, 205
20, 203
20, 200
20, 198
20, 198
20, 198
20, 195
20, 195
20, 195
20, 194
20, 193
20, 189
20, 187
20, 185
20, 185
20, 184
20, 182
20, 181
20, 181
20, 178
20, 175
20, 174
20, 170
20, 170
20, 169
20, 167
20, 166
20, 164
21, 163
21, 164
21, 162
21, 159
21, 158
21, 157
21, 157
21, 157
21, 157
21, 155
21, 155
21, 156
21, 156
21, 154
21, 152
21, 150
21, 149
21, 149
21, 149
21, 147
21, 147
21, 145
21, 144
21, 142
21, 138
21, 136
21, 136
21, 135
21, 132
21, 131
21, 130
21, 130
21, 127
21, 125
21, 125
21, 124
21, 124
21, 123
21, 122
21, 121
21, 120
21, 119
21, 119
21, 117
21, 117
21, 117
21, 114
21, 113
21, 113
21, 115
21, 116
21, 117
21, 117
21, 116
21, 116
21, 115
21, 114
21, 115
21, 113
21, 113
21, 113
21, 113
21, 112
21, 111
21, 110
21, 111
21, 110
21, 109
21, 108
21, 108
21, 107
21, 107
21, 106
21, 106
21, 105
21, 107
21, 107
21, 104
21, 107
21, 107
21, 105
21, 104
21, 105
22, 105
22, 104
22, 104
22, 102
22, 103
22, 102
22, 101
22, 100
22, 98
22, 98
22, 98
23, 97
23, 97
23, 96
23, 95
23, 95
23, 95
23, 97
23, 97
23, 97
23, 96
23, 97
23, 99
23, 99
23, 99
23, 99
23, 98
23, 97
23, 96
23, 96
23, 96
23, 95
23, 95
23, 95
23, 96
23, 97
23, 97
23, 98
23, 100
23, 99
23, 99
23, 99
23, 99
23, 99
23, 99
23, 99
23, 98
23, 98
23, 97
23, 95
23, 94
23, 94
23, 94
23, 92
23, 91
23, 92
23, 92
23, 92
23, 92
23, 94
23, 95
23, 97
23, 101
23, 103
23, 101
23, 100
23, 100
23, 100
23, 101
23, 101
23, 101
23, 102
23, 102
23, 103
23, 103
23, 103
23, 103
23, 103
23, 103
23, 105
23, 105
23, 104
23, 104
23, 103
23, 104
23, 104
23, 102
23, 102
23, 103
23, 103
23, 103
23, 103
23, 101
23, 101
23, 101
23, 102
23, 102
23, 101
23, 99
23, 97
23, 97
23, 97
23, 97
23, 96
23, 94
23, 91
23, 92
23, 92
23, 91
23, 90
23, 91
23, 90
23, 88
23, 88
23, 87
23, 87
23, 87
23, 85
23, 85
23, 83
23, 81
23, 81
23, 80
23, 79
23, 79
23, 78
23, 77
23, 76
23, 76
23, 75
23, 74
23, 73
23, 73
23, 73
23, 73
23, 73
23, 71
23, 71
23, 69
23, 69
23, 68
23, 69
23, 70
23, 70
23, 70
23, 71
23, 69
23, 69
23, 67
23, 66
23, 64
23, 64
23, 63
23, 60
23, 58
23, 58
23, 58
23, 60
23, 60
23, 59
23, 59
23, 58
23, 58
24, 57
24, 56
24, 56
24, 54
24, 54
24, 54
24, 54
24, 54
24, 54
24, 54
24, 55
24, 56
24, 55
24, 55
24, 55
24, 54
24, 54
24, 54
24, 53
25, 53
27, 53
27, 53
27, 53
27, 52
27, 52
27, 52
28, 52
28, 52
28, 52
28, 53
28, 55
28, 57
28, 58
28, 58
28, 58
28, 58
28, 58
28, 58
28, 58
28, 58
28, 58
28, 58
28, 58
28, 58
28, 58
28, 61
28, 59
28, 58
28, 58
28, 58
28, 57
28, 57
29, 57
29, 57
29, 57
29, 57
29, 56
29, 55
29, 54
29, 53
29, 53
29, 54
29, 53
29, 52
29, 52
29, 54
29, 54
29, 54
29, 54
29, 54
29, 54
29, 54
29, 54
29, 52
29, 52
28, 52
28, 52
28, 52
28, 52
28, 51
28, 51
28, 51
29, 51
31, 51
32, 51
32, 51
32, 51
32, 51
32, 50
32, 50
32, 50
32, 50
32, 50
32, 50
32, 49
32, 49
32, 49
32, 50
32, 51
32, 51
32, 51
32, 50
32, 48
32, 48
32, 48
32, 49
32, 49
32, 50
32, 50
32, 49
32, 49
32, 49
32, 49
32, 49
32, 49
32, 49
32, 48
32, 48
32, 48
32, 48
32, 47
32, 46
32, 45
32, 44
32, 44
32, 44
32, 44
32, 44
32, 44
32, 44
32, 44
32, 44
32, 45
32, 47
32, 51
32, 51
32, 49
32, 48
33, 48
33, 48
33, 48
33, 48
33, 48
33, 49
33, 49
33, 49
33, 49
33, 49
33, 49
33, 49
33, 49
33, 49
33, 49
33, 48
33, 48
33, 48
33, 46
33, 46
33, 45
33, 45
33, 44
33, 44
33, 44
33, 44
33, 44
33, 44
33, 44
33, 44
33, 44
33, 44
33, 44
33, 44
33, 44
34, 44
34, 44
34, 44
34, 44
34, 44
34, 44
34, 44
34, 44
34, 44
34, 43
34, 42
34, 41
34, 41
34, 40
34, 40
34, 40
34, 40
34, 40
34, 39
34, 39
34, 39
34, 39
34, 39
34, 38
34, 38
34, 37
34, 37
34, 37
34, 37
34, 37
34, 37
34, 37
34, 41
34, 43
34, 45
34, 45
34, 45
34, 45
34, 45
34, 45
34, 45
34, 45
34, 45
34, 45
34, 47
34, 49
34, 51
34, 52
34, 51
34, 51
34, 50
34, 49
34, 47
34, 47
34, 47
34, 47
34, 47
34, 47
34, 47
34, 47
34, 47
34, 46
34, 46
34, 46
34, 46
34, 46
34, 46
34, 46
34, 46
34, 46
34, 46
34, 46
34, 46
34, 46
34, 46
34, 48
34, 50
34, 50
34, 50
34, 50
34, 50
34, 50
34, 49
34, 49
34, 49
34, 49
34, 49
34, 49
34, 49
34, 49
34, 49
34, 49
34, 49
34, 49
34, 49
34, 48
34, 48
34, 47
34, 47
34, 49
34, 53
34, 53
34, 56
34, 57
34, 57
34, 56
35, 56
35, 59
35, 59
36, 57
37, 58
37, 60
37, 60
37, 62
37, 62
38, 61
38, 59
38, 59
38, 59
38, 59
38, 61
38, 61
38, 61
38, 59
37, 59
37, 57
37, 57
37, 56
37, 56
37, 56
37, 56
37, 56
37, 55
37, 57
37, 57
37, 55
37, 52
37, 49
37, 47
37, 46
37, 43
37, 44
37, 42
37, 40
37, 38
37, 37
37, 36
37, 36
37, 36
37, 36
37, 36
38, 36
38, 36
38, 36
38, 36
38, 36
38, 36
38, 36
38, 36
38, 36
38, 36
38, 36
38, 36
38, 36
38, 36
38, 36
38, 35
39, 33
39, 33
39, 33
39, 33
39, 33
39, 33
39, 33
39, 33
39, 33
39, 33
39, 33
39, 33
39, 33
39, 33
39, 33
39, 33
39, 33
39, 33
39, 33
39, 33
39, 32
39, 32
39, 33
39, 32
39, 29
39, 29
39, 30
39, 30
39, 32
39, 34
39, 34
39, 34
39, 33
39, 33
39, 33
39, 32
39, 32
38, 32
38, 32
38, 32
38, 33
38, 33
38, 33
38, 32
38, 32
38, 32
38, 32
38, 32
38, 32
38, 32
38, 31
38, 31
38, 32
38, 31
38, 31
38, 31
38, 31
38, 30
38, 30
38, 30
38, 30
38, 30
38, 30
38, 30
38, 30
37, 30
37, 30
37, 30
37, 30
37, 30
37, 30
37, 30
37, 29
37, 29
37, 29
37, 29
37, 29
37, 29
37, 29
37, 29
37, 29
37, 28
37, 28
37, 28
37, 27
37, 27
37, 27
37, 27
37, 27
37, 27
37, 27
37, 28
37, 28
37, 28
37, 27
37, 27
37, 27
37, 27
37, 27
37, 27
37, 27
37, 27
37, 27
37, 27
37, 27
37, 27
37, 27
37, 27
37, 27
37, 27
36, 27
36, 27
36, 27
36, 26
36, 24
36, 24
36, 24
36, 23
36, 23
36, 22
36, 20
36, 20
36, 20
36, 20
36, 20
36, 20
36, 19
36, 18
36, 18
36, 18
36, 18
36, 18
36, 18
36, 18
36, 18
36, 18
36, 18
36, 18
36, 18
36, 18
36, 18
36, 18
36, 18
36, 17
36, 17
36, 17
36, 17
36, 17
36, 17
36, 17
36, 17
36, 17
36, 17
36, 17
36, 17
36, 17
36, 17
36, 17
36, 17
36, 17
36, 17
36, 17
36, 17
36, 18
36, 19
36, 19
36, 19
36, 19
36, 19
36, 19
36, 19
36, 19
36, 19
36, 19
36, 19
36, 18
36, 18
36, 18
36, 18
36, 19
36, 20
36, 20
36, 20
36, 21
36, 22
36, 22
36, 22
36, 22
36, 22
36, 22
36, 23
36, 23
36, 23
36, 23
36, 23
36, 23
36, 23
36, 23
36, 23
36, 25
36, 25
36, 25
36, 25
36, 25
36, 25
36, 25
36, 25
36, 26
36, 26
36, 26
36, 26
36, 26
36, 26
36, 26
36, 26
36, 26
36, 26
36, 26
36, 26
36, 26
36, 28
36, 28
36, 28
36, 28
36, 28
36, 28
36, 28
36, 28
36, 28
36, 28
36, 28
36, 28
36, 28
36, 28
36, 28
36, 28
36, 28
36, 28
36, 27
36, 26
36, 26
36, 26
36, 26
36, 26
36, 26
36, 26
36, 26
36, 26
36, 26
36, 28
36, 30
36, 32
36, 34
36, 35
36, 35
36, 35
36, 36
36, 38
36, 39
36, 38
36, 38
36, 38
36, 40
36, 40
38, 42
38, 42
38, 42
37, 42
37, 42
37, 42
37, 42
37, 42
37, 41
37, 41
37, 40
37, 40
37, 40
37, 40
37, 40
37, 40
37, 44
37, 43
37, 43
37, 43
37, 43
37, 43
37, 43
37, 43
37, 44
37, 45
37, 45
37, 46
37, 47
37, 46
37, 46
37, 47
37, 49
37, 49
37, 48
37, 48
37, 48
37, 48
37, 48
37, 48
37, 49
37, 49
37, 49
37, 48
37, 48
37, 48
37, 48
37, 46
37, 46
37, 46
37, 46
37, 46
37, 46
37, 47
35, 47
35, 47
35, 47
35, 47
35, 47
35, 47
35, 47
36, 47
36, 48
36, 48
36, 48
36, 48
36, 47
36, 47
36, 46
36, 45
36, 45
36, 45
36, 45
36, 46
36, 46
35, 46
35, 44
35, 43
35, 41
35, 41
35, 40
35, 40
35, 40
35, 39
35, 39
35, 39
35, 39
35, 39
35, 39
35, 39
35, 39
35, 37
35, 37
35, 37
35, 37
35, 37
35, 36
35, 36
35, 36
35, 36
35, 35
35, 35
35, 35
35, 35
35, 35
35, 35
35, 36
35, 36
35, 35
35, 35
35, 35
35, 35
35, 34
35, 34
35, 35
35, 37
35, 36
35, 36
35, 36
35, 36
35, 36
35, 36
35, 35
35, 33
35, 34
35, 36
34, 35
34, 34
34, 34
34, 34
34, 35
34, 35
34, 35
34, 35
34, 34
34, 34
34, 34
34, 34
34, 34
34, 35
34, 37
34, 37
34, 37
34, 37
34, 37
34, 38
34, 36
34, 35
34, 35
34, 34
34, 34
34, 33
34, 32
34, 31
34, 31
34, 31
34, 31
34, 31
34, 31
34, 31
34, 31
34, 31
34, 31
34, 31
34, 30
34, 30
34, 30
34, 30
33, 30
33, 30
33, 30
33, 30
33, 30
33, 30
33, 30
33, 30
33, 29
33, 29
33, 29
33, 29
33, 29
33, 29
33, 29
33, 29
33, 29
33, 29
33, 29
33, 29
32, 29
32, 29
31, 29
31, 29
31, 29
31, 29
31, 28
31, 28
31, 28
31, 27
31, 27
31, 28
31, 28
31, 28
31, 28
31, 28
31, 29
31, 29
31, 31
31, 30
31, 30
31, 30
31, 29
31, 28
31, 28
31, 28
31, 28
31, 28
31, 28
32, 28
32, 28
32, 28
32, 30
32, 30
33, 29
33, 29
33, 29
33, 29
33, 29
33, 29
33, 29
33, 29
33, 29
33, 29
34, 28
34, 29
35, 29
35, 29
35, 29
35, 29
35, 29
35, 29
35, 29
35, 28
35, 28
35, 28
35, 28
35, 28
35, 28
35, 28
34, 27
34, 26
34, 26
34, 26
34, 26
34, 26
34, 26
34, 26
34, 26
33, 26
33, 27
33, 28
33, 27
33, 27
32, 27
32, 27
31, 27
31, 27
31, 26
31, 26
31, 26
31, 26
31, 26
31, 26
31, 26
32, 26
33, 26
33, 26
33, 26
33, 26
33, 27
33, 26
33, 26
33, 25
33, 25
33, 24
33, 24
33, 24
33, 24
33, 24
33, 24
33, 24
33, 23
33, 23
33, 23
33, 23
33, 22
33, 22
33, 22
33, 22
33, 22
33, 22
33, 22
32, 22
32, 22
32, 22
32, 22
32, 22
32, 22
33, 22
33, 22
33, 22
33, 22
33, 21
33, 21
33, 21
33, 21
33, 21
33, 21
33, 21
33, 21
33, 21
33, 21
33, 22
33, 22
33, 22
33, 22
33, 22
33, 22
32, 22
32, 22
32, 22
32, 22
32, 22
32, 23
32, 24
32, 24
32, 24
32, 24
32, 24
32, 24
32, 24
32, 24
32, 24
32, 24
32, 24
31, 24
31, 24
31, 24
31, 24
31, 24
31, 24
31, 24
31, 24
31, 24
31, 24
31, 24
31, 24
31, 24
31, 24
31, 24
31, 23
31, 23
31, 23
31, 23
32, 23
32, 23
32, 22
32, 22
32, 22
32, 22
32, 22
32, 22
32, 22
32, 22
34, 22
34, 23
34, 23
34, 23
34, 24
34, 24
34, 24
34, 24
34, 24
34, 24
34, 24
34, 24
34, 25
34, 26
34, 27
34, 28
34, 28
34, 28
34, 28
34, 28
34, 28
34, 27
34, 27
34, 29
34, 29
34, 30
34, 30
34, 30
34, 30
34, 30
34, 30
34, 30
34, 29
34, 29
34, 29
34, 29
34, 29
34, 29
34, 28
34, 28
34, 30
34, 30
34, 30
34, 29
34, 29
34, 29
34, 29
34, 29
34, 29
34, 29
34, 29
34, 29
34, 29
35, 29
35, 29
35, 29
35, 29
35, 29
35, 29
35, 30
35, 32
35, 33
35, 33
35, 33
35, 33
35, 34
35, 34
35, 34
35, 34
35, 33
35, 33
35, 33
35, 33
35, 33
35, 32
35, 32
35, 32
35, 35
35, 36
35, 36
35, 36
35, 36
35, 36
35, 36
35, 36
35, 36
35, 36
35, 36
35, 36
35, 36
35, 36
35, 36
35, 35
35, 35
35, 35
35, 34
35, 34
35, 34
35, 34
35, 34
35, 34
35, 34
35, 34
35, 34
35, 34
35, 34
35, 34
35, 34
35, 34
35, 34
35, 34
35, 34
35, 34
35, 34
35, 34
35, 36
35, 36
35, 36
35, 36
35, 36
35, 36
35, 36
35, 37
35, 37
35, 37
35, 37
35, 37
35, 37
35, 37
35, 37
35, 37
35, 41
35, 41
35, 41
35, 41
34, 41
33, 41
33, 41
33, 41
33, 41
33, 43
33, 43
33, 43
33, 44
33, 46
32, 46
32, 47
32, 48
32, 48
31, 48
31, 47
31, 46
31, 45
31, 45
31, 45
31, 45
31, 45
31, 45
31, 45
31, 46
31, 48
31, 48
31, 48
31, 48
31, 48
31, 48
31, 48
31, 47
31, 47
31, 46
30, 47
30, 47
30, 47
30, 47
30, 47
30, 47
30, 49
30, 49
30, 49
30, 50
30, 52
30, 55
30, 56
30, 57
30, 57
30, 57
30, 59
30, 59
30, 59
30, 59
30, 59
30, 59
30, 59
30, 59
29, 58
29, 58
29, 59
29, 59
29, 59
29, 59
29, 59
29, 58
29, 59
29, 60
29, 61
29, 61
29, 60
29, 60
29, 60
29, 60
29, 60
29, 61
29, 62
29, 62
29, 62
29, 62
29, 63
29, 63
29, 65
29, 65
29, 65
29, 65
29, 66
29, 67
29, 67
29, 67
29, 67
29, 67
29, 67
29, 67
29, 67
29, 66
29, 66
29, 68
29, 68
29, 70
29, 71
29, 70
29, 70
29, 70
29, 71
29, 74
28, 77
28, 79
28, 82
28, 85
28, 87
28, 89
28, 91
28, 92
28, 93
28, 92
28, 93
28, 95
28, 96
28, 95
28, 95
27, 97
27, 98
27, 99
27, 99
27, 99
27, 101
27, 103
27, 103
27, 103
27, 103
27, 104
27, 104
27, 104
27, 104
27, 105
27, 105
27, 105
27, 103
27, 103
27, 103
27, 105
27, 106
27, 106
27, 106
27, 105
27, 104
27, 104
27, 105
27, 105
27, 105
27, 105
27, 104
27, 106
27, 107
27, 108
27, 109
27, 110
27, 110
27, 110
27, 108
27, 110
27, 109
27, 114
27, 116
27, 118
27, 118
27, 116
27, 117
27, 119
27, 118
27, 117
27, 117
27, 114
27, 115
27, 115
27, 119
27, 120
27, 119
27, 120
27, 121
27, 120
27, 123
27, 123
27, 123
27, 124
27, 127
27, 128
27, 129
27, 129
26, 132
26, 133
26, 133
26, 132
26, 134
26, 135
26, 136
26, 136
26, 135
26, 134
26, 135
26, 135
26, 133
26, 133
26, 132
26, 131
26, 132
26, 132
26, 131
26, 129
26, 131
26, 134
27, 135
27, 137
27, 138
27, 139
27, 139
27, 138
27, 138
27, 140
27, 141
29, 141
29, 139
31, 139
32, 139
32, 139
32, 138
32, 138
32, 139
32, 139
32, 138
32, 138
32, 140
32, 140
32, 140
32, 140
32, 142
32, 145
32, 146
32, 147
32, 147
32, 148
32, 152
32, 151
33, 151
33, 151
33, 155
33, 154
33, 155
32, 153
32, 154
32, 155
32, 156
32, 157
32, 154
32, 155
32, 156
32, 155
32, 154
32, 155
32, 155
32, 157
32, 157
32, 161
32, 164
32, 166
32, 168
32, 172
32, 172
32, 174
31, 176
31, 177
31, 178
31, 178
31, 177
31, 178
31, 178
31, 178
31, 179
31, 181
31, 183
30, 183
30, 180
30, 179
30, 180
30, 179
30, 179
30, 180
31, 184
31, 186
31, 186
31, 186
31, 185
31, 186
31, 185
31, 186
31, 187
31, 187
31, 187
31, 187
31, 187
31, 187
32, 186
33, 184
33, 183
33, 185
33, 189
33, 188
33, 190
33, 192
33, 191
33, 190
33, 190
33, 190
33, 191
33, 191
33, 193
33, 191
33, 190
33, 191
33, 190
33, 192
33, 191
33, 191
33, 192
33, 194
33, 196
33, 195
33, 197
33, 198
34, 195
34, 195
34, 195
35, 194
35, 196
34, 194
34, 193
34, 193
34, 193
34, 192
34, 189
34, 188
34, 186
34, 185
34, 183
34, 181
34, 179
34, 181
34, 181
34, 179
34, 181
34, 182
34, 185
34, 186
34, 182
34, 180
34, 178
34, 179
34, 176
34, 178
34, 177
34, 176
34, 174
34, 174
35, 173
35, 173
35, 172
35, 170
35, 166
35, 165
35, 163
35, 160
35, 157
35, 156
33, 156
33, 155
33, 154
32, 153
32, 152
32, 150
32, 148
32, 148
32, 147
32, 147
32, 148
32, 150
32, 149
32, 151
32, 149
32, 149
32, 149
32, 148
32, 146
32, 148
32, 148
32, 148
32, 147
32, 144
32, 145
31, 143
31, 142
31, 143
31, 143
31, 143
31, 144
31, 144
31, 143
31, 141
31, 140
31, 139
31, 138
31, 137
31, 135
31, 135
31, 135
31, 135
32, 136
32, 137
32, 135
32, 136
32, 138
32, 137
32, 135
32, 135
32, 133
32, 131
32, 131
32, 130
32, 129
32, 129
32, 129
32, 126
33, 125
33, 125
33, 125
33, 125
33, 125
33, 125
33, 123
33, 122
33, 122
33, 119
33, 118
33, 117
36, 115
36, 114
36, 114
36, 113
35, 113
36, 112
36, 111
36, 111
36, 110
36, 111
36, 112
36, 112
36, 112
37, 111
38, 113
38, 114
38, 115
38, 116
38, 117
38, 118
39, 117
39, 117
40, 116
40, 114
40, 114
40, 113
40, 111
40, 112
40, 115
41, 114
41, 114
41, 113
41, 113
41, 112
41, 110
41, 110
41, 109
42, 108
42, 108
42, 109
42, 105
43, 105
43, 104
43, 102
43, 101
43, 99
43, 97
43, 96
43, 96
43, 96
43, 96
43, 96
43, 95
43, 95
43, 95
43, 92
43, 92
43, 91
43, 91
43, 95
43, 95
43, 93
43, 93
43, 93
43, 91
43, 90
42, 87
42, 86
42, 86
42, 86
42, 87
41, 87
41, 88
41, 89
41, 89
41, 89
41, 89
41, 89
41, 89
41, 89
41, 89
41, 90
41, 90
41, 90
41, 91
41, 91
41, 94
41, 97
41, 98
41, 97
41, 97
41, 97
41, 96
42, 95
42, 95
42, 93
42, 94
42, 94
42, 94
42, 90
42, 90
42, 89
42, 92
42, 92
42, 92
42, 92
42, 91
42, 89
42, 86
42, 84
42, 83
42, 83
42, 83
42, 83
42, 83
42, 83
42, 81
42, 81
42, 79
42, 78
42, 77
42, 77
42, 77
42, 77
42, 76
42, 77
42, 76
42, 75
42, 75
42, 76
42, 75
42, 77
42, 78
42, 79
42, 79
42, 80
44, 79
44, 80
44, 80
44, 80
44, 80
44, 81
44, 82
44, 82
44, 82
44, 82
44, 82
44, 82
44, 83
44, 82
44, 82
44, 82
44, 82
44, 80
44, 80
44, 80
44, 79
44, 79
44, 77
44, 77
44, 76
44, 73
44, 72
44, 70
44, 69
44, 69
44, 70
44, 70
44, 69
44, 69
44, 69
44, 69
44, 69
44, 68
44, 68
44, 68
44, 68
44, 68
44, 67
44, 66
44, 64
44, 64
44, 64
44, 64
44, 64
44, 62
44, 62
44, 62
44, 62
44, 62
44, 62
44, 63
44, 63
44, 62
44, 62
44, 63
44, 63
44, 63
44, 62
44, 62
44, 62
44, 62
44, 62
44, 62
44, 61
44, 59
44, 58
44, 56
44, 56
44, 56
44, 57
44, 57
45, 57
45, 57
45, 57
45, 57
45, 57
45, 57
45, 57
45, 56
45, 55
45, 55
45, 56
45, 55
45, 54
45, 54
45, 53
45, 51
45, 53
45, 54
45, 54
45, 57
45, 58
45, 57
45, 58
45, 58
45, 58
45, 57
45, 57
45, 57
45, 57
45, 59
45, 59
45, 59
45, 60
45, 61
45, 61
45, 62
45, 62
45, 62
45, 62
45, 62
45, 62
45, 62
45, 62
45, 62
45, 62
45, 62
45, 62
45, 63
45, 64
45, 63
45, 63
45, 62
45, 60
45, 60
45, 59
45, 58
45, 58
45, 60
45, 60
45, 60
45, 60
45, 60
45, 59
45, 57
45, 57
45, 57
45, 56
45, 56
45, 55
45, 53
45, 53
45, 52
45, 52
45, 52
45, 51
46, 51
46, 51
46, 51
46, 51
46, 52
46, 51
46, 51
46, 51
46, 51
46, 50
46, 50
46, 50
46, 50
46, 50
45, 50
45, 50
46, 50
47, 49
47, 49
47, 49
47, 49
47, 49
47, 49
47, 50
47, 51
47, 52
47, 52
47, 52
47, 52
47, 52
47, 52
47, 52
47, 53
48, 51
47, 51
47, 50
47, 48
46, 48
46, 47
46, 47
46, 47
46, 47
46, 46
46, 46
46, 46
46, 45
46, 45
46, 45
46, 44
46, 44
46, 44
45, 42
45, 42
45, 42
45, 42
45, 42
45, 42
45, 41
45, 41
45, 41
45, 41
45, 41
45, 41
45, 41
45, 41
45, 41
45, 41
45, 41
45, 41
45, 41
45, 41
45, 41
45, 41
45, 39
45, 38
45, 39
45, 39
45, 39
45, 39
45, 39
45, 39
45, 39
45, 39
45, 39
45, 39
45, 39
45, 39
45, 39
45, 38
45, 37
45, 37
45, 35
45, 35
45, 35
45, 35
45, 34
45, 36
45, 38
45, 38
45, 39
45, 39
45, 39
45, 39
45, 39
45, 39
45, 39
45, 39
45, 39
45, 39
45, 39
45, 39
45, 39
45, 39
46, 38
46, 37
46, 37
46, 37
46, 37
46, 37
46, 38
46, 38
46, 38
46, 38
46, 38
46, 38
46, 37
46, 37
46, 38
46, 38
46, 38
46, 38
46, 38
46, 38
46, 38
46, 38
46, 37
46, 38
46, 37
46, 38
46, 40
46, 40
46, 40
46, 40
46, 40
46, 39
46, 38
46, 38
46, 38
46, 38
46, 38
46, 38
46, 38
46, 38
46, 38
46, 37
46, 37
46, 36
46, 36
46, 36
46, 36
46, 36
46, 36
46, 36
45, 36
45, 36
45, 36
45, 36
45, 36
45, 36
45, 36
45, 36
45, 36
45, 36
45, 36
45, 36
45, 36
45, 36
45, 36
45, 36
45, 36
45, 36
45, 36
45, 35
45, 35
45, 35
45, 34
45, 33
45, 31
45, 31
45, 31
45, 31
45, 31
45, 31
45, 31
45, 31
45, 31
45, 31
45, 30
45, 30
45, 30
45, 30
45, 31
45, 31
45, 30
45, 30
45, 30
45, 30
45, 30
46, 30
46, 29
46, 29
47, 28
47, 28
47, 28
47, 28
47, 29
47, 29
47, 29
47, 28
47, 28
47, 28
47, 28
47, 28
47, 26
47, 26
47, 26
47, 25
47, 25
47, 25
47, 25
47, 24
46, 23
46, 23
46, 23
46, 23
46, 23
46, 24
46, 22
45, 21
45, 20
45, 20
45, 20
44, 20
43, 20
42, 19
42, 19
42, 19
42, 19
42, 19
42, 19
42, 19
42, 17
42, 17
42, 17
42, 17
42, 17
43, 17
45, 16
45, 16
45, 16
45, 15
45, 15
45, 15
45, 15
45, 15
45, 15
45, 15
45, 15
45, 15
45, 15
45, 15
45, 15
45, 15
45, 15
45, 15
45, 15
45, 15
45, 15
45, 15
45, 15
45, 16
45, 16
45, 16
44, 16
44, 16
44, 16
43, 16
42, 16
42, 16
42, 16
42, 16
42, 16
42, 16
42, 16
42, 16
42, 16
42, 16
42, 16
42, 16
42, 16
42, 16
42, 16
42, 16
42, 18
42, 18
42, 17
42, 17
42, 17
42, 17
42, 17
42, 17
42, 19
42, 21
42, 23
42, 23
42, 23
42, 23
42, 23
42, 23
42, 23
42, 23
42, 23
42, 23
42, 23
42, 23
42, 23
42, 23
42, 23
42, 23
42, 23
42, 23
42, 23
42, 23
42, 23
42, 23
40, 22
40, 22
40, 23
40, 25
40, 25
40, 25
40, 25
40, 25
40, 25
40, 25
40, 25
40, 25
40, 26
40, 27
40, 27
40, 27
40, 27
40, 27
40, 27
40, 26
38, 26
38, 26
38, 26
38, 26
38, 26
38, 26
38, 25
38, 25
38, 25
38, 26
38, 26
38, 26
38, 26
38, 26
38, 26
38, 26
38, 26
37, 26
37, 26
37, 26
37, 26
37, 26
37, 25
37, 25
37, 25
37, 25
36, 25
36, 25
36, 25
36, 26
36, 26
36, 26
36, 26
36, 26
36, 26
35, 25
35, 25
35, 25
35, 26
35, 26
35, 26
35, 26
35, 27
35, 27
35, 27
35, 27
35, 27
35, 28
35, 28
35, 27
35, 30
35, 30
35, 31
35, 30
35, 31
35, 31
35, 30
35, 29
35, 29
35, 28
35, 28
35, 28
35, 28
35, 28
35, 28
35, 28
35, 28
35, 28
35, 29
35, 30
35, 30
35, 30
35, 30
35, 30
35, 30
35, 30
35, 30
35, 30
35, 30
35, 30
35, 30
35, 31
34, 32
34, 32
34, 31
34, 31
34, 31
33, 31
33, 31
33, 31
33, 31
33, 31
33, 31
33, 31
33, 31
33, 31
33, 32
32, 33
32, 34
32, 34
32, 34
31, 34
31, 34
31, 34
31, 34
31, 34
31, 34
31, 34
31, 34
31, 34
31, 34
31, 34
31, 34
31, 35
31, 35
31, 35
31, 35
31, 35
31, 35
31, 34
31, 34
31, 34
31, 33
31, 33
31, 34
31, 34
31, 34
31, 34
31, 34
31, 34
31, 34
31, 34
31, 35
31, 35
31, 35
31, 35
31, 35
31, 35
31, 35
31, 35
31, 35
31, 36
31, 37
31, 37
31, 37
31, 36
31, 36
31, 37
31, 38
31, 37
31, 36
31, 36
31, 36
29, 36
29, 36
29, 38
29, 40
29, 39
29, 39
29, 41
29, 42
29, 43
29, 46
29, 46
29, 47
29, 48
29, 47
29, 47
29, 48
29, 50
29, 53
29, 52
29, 52
29, 50
29, 50
29, 50
29, 50
29, 51
29, 52
29, 52
29, 52
29, 53
29, 53
29, 54
28, 55
28, 55
28, 54
28, 53
28, 52
28, 52
28, 52
27, 52
27, 53
27, 53
27, 54
27, 54
27, 53
27, 53
27, 53
27, 53
27, 53
26, 53
26, 54
26, 54
26, 52
25, 52
25, 52
25, 52
25, 52
25, 52
25, 53
25, 54
25, 55
25, 55
25, 55
25, 55
25, 55
25, 55
25, 55
25, 55
25, 55
25, 59
25, 60
25, 59
25, 63
25, 64
25, 64
25, 66
25, 68
25, 69
25, 69
25, 72
25, 70
25, 71
25, 72
25, 72
25, 72
25, 72
25, 71
25, 72
25, 71
25, 71
25, 71
26, 72
26, 72
26, 71
26, 71
26, 70
26, 70
26, 70
26, 68
26, 68
26, 67
26, 67
26, 66
26, 65
26, 65
26, 65
26, 65
26, 65
26, 65
26, 64
26, 64
26, 64
26, 64
25, 64
25, 63
25, 63
25, 63
25, 63
25, 63
25, 63
25, 64
25, 65
25, 64
25, 64
25, 64
25, 64
25, 65
26, 66
27, 66
28, 66
30, 66
32, 66
34, 66
34, 66
34, 68
34, 68
34, 68
34, 68
34, 67
34, 67
34, 67
34, 67
34, 69
34, 68
34, 66
34, 66
34, 65
34, 66
34, 66
34, 66
34, 64
34, 62
34, 61
34, 59
34, 59
34, 59
34, 59
34, 59
34, 57
34, 57
34, 56
34, 57
34, 58
33, 57
33, 56
33, 55
33, 53
33, 52
33, 51
33, 51
33, 50
33, 50
33, 50
33, 49
33, 48
33, 48
33, 48
33, 48
33, 48
33, 47
33, 46
33, 46
33, 45
33, 45
33, 45
33, 45
33, 45
33, 45
33, 45
33, 45
33, 47
33, 47
33, 46
33, 47
33, 47
33, 47
33, 48
33, 48
33, 47
33, 46
33, 43
35, 43
35, 43
35, 43
35, 43
35, 43
35, 43
35, 44
35, 45
35, 47
35, 46
36, 45
36, 45
36, 44
36, 44
36, 44
36, 45
36, 46
36, 46
36, 46
36, 46
36, 46
36, 46
36, 46
36, 48
36, 47
36, 49
36, 50
36, 51
36, 52
36, 53
36, 52
36, 52
36, 52
36, 53
36, 55
36, 55
36, 55
35, 56
35, 57
35, 58
35, 60
35, 59
35, 61
35, 61
35, 61
35, 61
35, 62
35, 61
34, 60
34, 61
34, 60
34, 60
34, 60
34, 60
34, 62
33, 62
33, 62
33, 63
33, 65
33, 65
33, 66
33, 68
33, 68
33, 67
33, 67
33, 66
33, 66
33, 66
33, 69
33, 72
33, 74
32, 76
32, 79
34, 80
34, 81
34, 81
34, 81
34, 81
34, 81
34, 81
34, 81
34, 81
34, 81
34, 83
34, 87
34, 88
34, 91
34, 92
34, 91
34, 91
34, 93
34, 93
34, 93
34, 93
34, 94
34, 94
34, 94
34, 94
34, 93
34, 91
34, 90
34, 90
34, 90
34, 91
34, 91
34, 91
34, 92
34, 93
34, 93
34, 92
34, 92
34, 92
34, 93
34, 93
34, 91
34, 92
34, 94
34, 94
34, 96
34, 97
34, 99
34, 101
34, 105
34, 108
34, 107
34, 109
34, 109
34, 108
34, 109
34, 110
34, 110
34, 109
34, 111
34, 110
34, 108
35, 108
35, 107
35, 108
35, 108
35, 108
35, 107
35, 107
35, 107
35, 107
35, 106
35, 105
35, 107
35, 105
35, 104
35, 103
35, 104
35, 103
35, 102
35, 102
35, 102
35, 102
35, 102
35, 101
35, 101
35, 99
35, 100
35, 100
35, 99
35, 98
35, 98
35, 99
35, 100
35, 99
35, 97
35, 95
35, 95
35, 96
35, 96
35, 97
35, 96
35, 95
35, 94
35, 94
35, 93
35, 93
35, 94
35, 94
35, 94
35, 94
35, 94
35, 94
35, 93
35, 93
35, 94
35, 94
35, 93
35, 95
35, 96
35, 96
35, 95
35, 98
35, 99
35, 95
35, 95
35, 95
35, 95
35, 95
35, 95
35, 94
35, 94
35, 94
35, 94
35, 93
35, 93
35, 94
35, 95
35, 98
35, 97
35, 97
35, 95
35, 94
34, 92
34, 92
34, 92
34, 92
34, 90
34, 90
34, 89
34, 88
34, 87
34, 87
34, 87
34, 86
34, 86
34, 87
34, 87
34, 87
34, 87
34, 87
34, 89
34, 88
34, 87
34, 86
34, 86
34, 86
34, 86
34, 85
34, 87
34, 89
34, 89
34, 89
34, 89
34, 89
34, 88
34, 87
34, 88
34, 88
34, 89
34, 90
34, 90
34, 91
34, 91
34, 91
34, 90
34, 91
34, 90
34, 91
34, 90
34, 89
34, 89
34, 89
34, 90
34, 90
34, 89
34, 89
34, 89
34, 89
34, 89
34, 89
34, 89
34, 88
34, 88
34, 87
34, 88
34, 87
34, 87
34, 88
34, 87
34, 86
34, 85
34, 85
34, 85
34, 85
34, 85
34, 85
35, 85
35, 85
35, 85
35, 85
35, 85
35, 85
35, 84
35, 83
35, 82
35, 82
35, 82
35, 81
35, 80
35, 80
35, 81
35, 82
35, 82
35, 81
35, 80
34, 80
34, 80
34, 80
34, 79
34, 78
35, 80
37, 80
37, 79
37, 79
37, 79
37, 79
37, 79
37, 80
37, 80
37, 80
37, 79
37, 78
37, 76
37, 75
37, 74
37, 74
37, 73
37, 73
37, 72
37, 73
37, 71
37, 71
37, 69
37, 69
37, 69
37, 69
37, 70
37, 70
37, 71
37, 71
37, 71
37, 70
37, 71
37, 71
37, 70
37, 70
37, 70
37, 70
37, 69
37, 68
37, 66
37, 65
37, 64
37, 64
37, 63
37, 63
37, 62
37, 63
37, 61
37, 60
37, 59
37, 58
37, 57
37, 57
37, 57
37, 54
38, 53
38, 53
38, 53
38, 53
38, 54
38, 56
38, 58
38, 56
38, 56
38, 55
38, 55
38, 55
38, 54
38, 54
38, 54
38, 53
38, 53
38, 53
38, 53
38, 53
38, 53
38, 53
38, 53
38, 53
38, 52
38, 52
38, 53
39, 53
39, 54
39, 54
39, 52
39, 51
39, 51
39, 51
39, 52
39, 50
39, 50
39, 50
39, 50
39, 50
39, 49
39, 49
39, 49
39, 49
39, 49
39, 48
39, 48
39, 48
39, 48
39, 48
39, 48
39, 48
40, 47
40, 45
40, 46
40, 46
40, 46
40, 46
40, 45
40, 45
40, 45
40, 45
40, 46
40, 46
40, 45
40, 45
40, 45
40, 45
40, 45
40, 45
40, 45
40, 46
40, 46
40, 47
40, 47
40, 48
40, 48
40, 48
40, 48
40, 49
40, 50
40, 52
40, 53
39, 55
39, 58
39, 61
39, 65
39, 67
39, 68
39, 70
39, 70
39, 70
39, 71
38, 71
38, 71
38, 71
38, 69
38, 69
38, 69
38, 70
38, 70
38, 71
37, 71
37, 72
37, 73
37, 74
37, 75
37, 75
37, 75
37, 73
37, 73
37, 75
37, 75
37, 75
37, 75
37, 76
36, 76
36, 75
36, 74
36, 73
36, 74
36, 74
36, 75
36, 76
36, 76
36, 75
36, 74
36, 74
36, 75
36, 77
36, 78
36, 80
36, 77
35, 76
35, 78
35, 78
35, 78
35, 78
35, 78
35, 80
35, 80
35, 81
35, 81
35, 81
35, 81
35, 81
35, 82
35, 83
35, 83
35, 83
35, 83
35, 83
35, 83
35, 83
35, 83
35, 83
35, 83
35, 83
35, 83
34, 83
34, 84
34, 84
34, 85
34, 87
34, 87
34, 87
34, 86
34, 85
34, 84
34, 84
34, 84
34, 84
34, 83
34, 82
34, 82
34, 81
34, 78
34, 74
34, 72
34, 71
34, 71
34, 71
35, 71
37, 70
39, 71
39, 71
39, 72
39, 72
39, 72
39, 72
39, 73
39, 74
39, 75
39, 77
39, 79
39, 81
39, 84
39, 87
39, 90
39, 92
39, 94
39, 96
39, 96
39, 98
39, 100
39, 101
39, 101
39, 101
39, 102
39, 102
39, 102
39, 100
39, 101
39, 100
39, 100
40, 97
40, 95
40, 95
40, 95
40, 95
40, 94
40, 94
40, 93
40, 92
40, 91
40, 87
40, 87
40, 86
40, 85
40, 85
41, 84
40, 84
40, 85
40, 85
40, 86
40, 86
40, 86
41, 85
42, 85
42, 85
43, 83
43, 85
43, 86
43, 84
43, 84
43, 84
43, 85
42, 85
42, 85
42, 86
42, 87
42, 87
42, 88
42, 88
42, 88
42, 89
42, 87
42, 86
42, 87
42, 87
42, 87
42, 86
42, 86
42, 86
42, 86
42, 85
42, 85
42, 85
43, 83
43, 83
43, 82
44, 82
44, 82
44, 80
44, 80
44, 79
44, 77
44, 78
44, 78
44, 78
44, 78
44, 77
44, 76
44, 75
44, 74
44, 72
44, 71
44, 69
44, 69
44, 68
44, 66
44, 64
44, 62
44, 60
44, 58
44, 56
44, 55
44, 55
45, 55
46, 55
46, 55
46, 55
46, 56
46, 54
46, 55
46, 56
46, 57
46, 57
46, 58
46, 59
45, 59
45, 59
45, 60
45, 60
45, 61
45, 63
45, 63
45, 63
45, 63
45, 63
45, 63
45, 64
45, 64
45, 63
45, 64
45, 63
45, 63
45, 63
45, 63
45, 63
45, 63
45, 63
45, 61
45, 60
45, 60
45, 60
45, 60
45, 59
45, 58
45, 58
45, 57
45, 57
45, 56
45, 55
45, 54
45, 53
45, 52
45, 50
45, 50
45, 50
45, 52
45, 51
45, 51
45, 51
45, 51
45, 51
45, 51
45, 51
45, 51
45, 51
45, 51
45, 51
45, 50
45, 50
45, 50
45, 50
45, 50
45, 50
45, 50
45, 51
45, 53
45, 54
45, 53
45, 53
45, 52
45, 52
45, 51
44, 49
44, 50
44, 50
44, 50
44, 50
44, 50
44, 50
44, 50
44, 50
44, 50
45, 49
45, 49
45, 50
45, 52
45, 54
45, 55
45, 57
45, 59
45, 61
45, 63
45, 62
45, 64
45, 64
45, 64
45, 64
45, 66
45, 66
45, 65
45, 65
45, 65
45, 65
45, 66
45, 66
45, 66
45, 66
45, 63
45, 63
45, 63
45, 63
45, 63
46, 63
46, 63
46, 63
46, 63
46, 63
46, 63
46, 63
46, 63
46, 64
45, 63
45, 62
45, 62
45, 62
45, 62
45, 63
45, 63
44, 62
44, 62
44, 62
44, 62
44, 60
44, 60
44, 60
44, 58
44, 54
44, 54
43, 54
43, 55
42, 54
42, 53
42, 52
42, 52
42, 52
42, 52
42, 53
42, 53
42, 53
42, 53
42, 55
42, 55
42, 55
42, 55
42, 54
42, 54
42, 54
42, 55
42, 55
42, 55
42, 55
42, 55
42, 54
42, 54
42, 53
42, 53
42, 53
42, 53
42, 52
42, 52
41, 52
41, 52
41, 52
41, 52
41, 52
41, 51
41, 49
41, 47
41, 47
41, 46
41, 44
41, 42
41, 40
41, 40
41, 38
41, 38
41, 39
41, 39
41, 39
41, 40
41, 41
41, 40
41, 40
41, 40
41, 41
41, 41
41, 41
41, 41
41, 41
41, 41
42, 41
42, 40
42, 40
42, 40
42, 40
42, 40
42, 40
42, 40
42, 40
42, 39
42, 39
42, 39
42, 39
42, 39
43, 38
43, 37
43, 37
42, 37
42, 37
42, 37
42, 37
43, 36
43, 35
43, 34
43, 34
43, 34
43, 33
43, 33
43, 33
43, 33
43, 33
43, 33
43, 33
42, 33
42, 33
42, 33
42, 31
42, 31
42, 31
42, 31
42, 31
42, 33
42, 32
42, 32
42, 32
42, 32
42, 32
42, 31
42, 31
43, 31
45, 31
47, 31
47, 31
47, 31
47, 31
47, 31
47, 30
47, 30
47, 30
47, 30
47, 30
47, 30
47, 30
47, 30
47, 30
47, 30
47, 30
47, 30
47, 29
47, 29
47, 28
47, 28
47, 28
47, 28
47, 28
47, 28
47, 28
47, 28
47, 28
47, 27
47, 27
47, 27
47, 27
47, 26
47, 26
47, 26
47, 26
47, 26
47, 26
47, 26
47, 26
47, 26
47, 26
47, 26
47, 26
47, 26
47, 26
47, 26
47, 26
47, 26
46, 26
46, 27
46, 27
46, 27
46, 27
46, 27
46, 27
46, 27
46, 27
46, 27
46, 26
46, 26
46, 28
46, 29
46, 29
45, 29
45, 28
45, 28
45, 28
45, 28
45, 28
45, 28
45, 28
45, 28
45, 27
45, 27
45, 27
45, 27
45, 27
45, 27
45, 27
45, 27
45, 25
45, 25
45, 25
45, 25
45, 25
45, 24
44, 24
44, 24
44, 24
44, 24
44, 24
44, 24
44, 24
44, 24
44, 24
44, 24
44, 24
44, 25
44, 25
44, 25
44, 25
43, 25
43, 25
43, 24
43, 24
43, 24
43, 24
43, 24
43, 24
43, 24
43, 24
44, 23
44, 23
44, 23
44, 23
44, 23
44, 23
44, 23
44, 23
44, 23
44, 23
44, 23
44, 23
44, 23
44, 23
44, 23
44, 23
44, 23
44, 23
44, 23
44, 23
44, 23
43, 23
43, 23
43, 23
43, 23
43, 23
43, 23
43, 23
43, 23
43, 22
42, 22
42, 21
42, 21
42, 21
42, 21
42, 21
42, 21
42, 21
42, 22
42, 22
42, 21
42, 22
42, 24
42, 26
42, 28
42, 29
41, 29
41, 29
40, 29
40, 29
40, 29
40, 29
40, 31
40, 31
40, 31
40, 31
40, 31
40, 32
40, 32
40, 32
40, 32
40, 32
40, 32
40, 32
40, 32
40, 32
40, 32
39, 31
39, 31
39, 33
38, 32
38, 32
38, 32
39, 34
39, 35
39, 37
39, 39
39, 41
38, 43
38, 45
38, 45
38, 45
38, 45
38, 45
38, 45
38, 45
38, 45
38, 45
38, 46
38, 47
38, 46
37, 46
38, 46
38, 46
38, 46
38, 46
38, 46
38, 48
38, 48
38, 48
38, 48
38, 49
38, 49
37, 50
37, 50
37, 50
37, 50
37, 51
36, 51
36, 52
36, 52
36, 52
36, 52
36, 52
36, 52
36, 53
36, 54
36, 54
36, 54
36, 57
36, 57
36, 58
36, 58
36, 58
36, 58
36, 58
36, 58
36, 59
35, 59
35, 59
35, 59
35, 59
35, 59
35, 58
35, 57
35, 56
35, 56
35, 55
35, 55
35, 56
35, 56
35, 56
36, 57
36, 56
36, 56
36, 56
36, 56
36, 57
36, 57
36, 56
36, 56
36, 56
36, 56
36, 56
36, 56
36, 56
36, 57
36, 57
36, 57
35, 58
35, 57
35, 57
35, 57
35, 57
35, 56
35, 57
35, 56
35, 54
35, 54
35, 53
35, 51
35, 51
35, 51
35, 51
35, 51
35, 51
35, 51
35, 51
35, 51
35, 50
35, 50
35, 50
35, 49
35, 49
35, 50
35, 50
35, 49
35, 49
35, 48
35, 48
35, 48
35, 48
35, 47
35, 46
35, 45
35, 44
35, 44
35, 45
35, 45
35, 45
35, 44
35, 44
35, 44
35, 44
35, 44
35, 44
35, 44
35, 44
35, 44
35, 44
35, 44
35, 45
35, 46
35, 47
35, 48
35, 48
35, 48
35, 48
35, 47
35, 46
35, 48
35, 48
35, 47
35, 47
35, 47
35, 48
35, 49
35, 49
35, 49
35, 49
35, 48
35, 48
35, 48
35, 48
35, 48
35, 48
35, 48
35, 50
35, 51
35, 51
35, 51
35, 53
35, 53
35, 53
35, 53
35, 53
35, 53
35, 53
35, 53
35, 53
35, 51
35, 51
35, 52
35, 52
35, 52
34, 53
35, 51
34, 51
34, 53
34, 53
34, 52
34, 53
34, 53
34, 55
34, 56
34, 56
34, 56
34, 54
34, 53
34, 53
34, 53
34, 53
34, 54
34, 54
34, 54
34, 53
34, 53
34, 55
34, 56
34, 57
34, 57
34, 57
34, 57
34, 57
34, 56
34, 56
34, 56
34, 56
34, 55
34, 55
34, 55
34, 55
34, 55
33, 55
33, 55
33, 55
33, 55
33, 55
33, 55
33, 55
33, 56
33, 56
33, 55
33, 53
33, 52
33, 52
33, 52
33, 52
33, 52
33, 52
33, 51
33, 50
32, 49
32, 49
32, 47
32, 47
32, 48
32, 47
32, 46
32, 46
32, 46
32, 46
32, 46
32, 46
32, 46
32, 46
32, 46
32, 46
32, 45
32, 45
32, 45
32, 46
32, 46
32, 46
32, 46
32, 46
32, 46
32, 46
32, 46
32, 46
32, 46
32, 46
32, 46
32, 44
32, 43
32, 42
32, 42
32, 42
32, 42
32, 40
32, 40
31, 40
31, 40
31, 40
31, 39
31, 39
31, 38
31, 38
31, 38
31, 38
32, 36
32, 34
32, 34
32, 33
32, 33
32, 33
32, 33
32, 33
32, 35
32, 33
32, 31
32, 30
32, 30
32, 30
32, 30
32, 30
32, 30
32, 30
32, 29
32, 29
32, 30
32, 31
32, 31
32, 31
32, 31
32, 31
32, 31
32, 31
32, 31
32, 32
32, 32
32, 31
32, 31
32, 31
32, 31
32, 31
32, 31
32, 32
32, 34
32, 36
32, 36
32, 36
32, 38
32, 39
31, 42
31, 44
31, 44
31, 43
31, 44
31, 45
31, 45
30, 45
30, 45
30, 45
30, 45
30, 45
30, 46
30, 46
30, 46
30, 46
30, 46
30, 46
30, 46
32, 46
32, 46
32, 47
32, 47
31, 48
31, 49
31, 49
31, 49
31, 49
30, 49
30, 49
30, 49
30, 49
30, 49
30, 49
30, 49
30, 49
29, 49
29, 49
29, 49
29, 49
29, 49
29, 50
29, 50
29, 50
29, 50
29, 50
29, 50
29, 50
28, 50
28, 51
28, 51
27, 51
27, 53
27, 52
27, 52
27, 52
27, 53
27, 53
27, 53
27, 53
27, 53
27, 53
27, 53
27, 53
27, 53
27, 53
27, 53
27, 53
27, 54
27, 54
27, 54
27, 54
27, 54
27, 55
27, 55
27, 55
27, 54
27, 54
27, 54
27, 54
27, 54
27, 55
27, 57
27, 58
27, 57
27, 57
27, 57
27, 57
27, 57
27, 57
27, 58
27, 58
27, 56
27, 58
27, 58
27, 57
27, 57
27, 57
27, 57
27, 57
27, 57
27, 57
27, 57
27, 56
27, 57
27, 58
27, 58
27, 58
27, 56
27, 56
26, 57
26, 58
26, 58
26, 59
26, 59
26, 58
26, 58
26, 59
26, 59
26, 59
26, 60
26, 60
26, 60
26, 59
26, 59
26, 58
26, 60
25, 59
25, 59
25, 59
25, 60
25, 61
25, 61
25, 61
25, 61
25, 60
25, 60
25, 61
25, 64
25, 64
25, 64
25, 68
25, 69
25, 69
25, 69
25, 69
26, 69
26, 70
26, 70
26, 70
26, 70
26, 70
26, 70
26, 70
26, 71
26, 72
26, 74
26, 76
26, 78
26, 79
25, 83
25, 83
25, 83
25, 82
25, 81
25, 81
25, 83
25, 83
25, 82
25, 82
25, 81
25, 82
25, 83
25, 82
25, 81
25, 81
25, 82
25, 82
25, 82
25, 82
25, 82
25, 82
25, 81
25, 81
25, 80
25, 81
25, 80
25, 79
25, 83
25, 86
25, 87
25, 91
25, 91
25, 93
25, 93
25, 96
25, 96
25, 96
25, 96
25, 96
25, 96
25, 96
25, 95
25, 95
26, 94
26, 95
26, 96
26, 97
25, 96
25, 97
25, 97
24, 100
24, 100
24, 100
23, 99
23, 99
23, 99
23, 98
23, 98
23, 99
23, 99
23, 100
23, 98
23, 98
23, 100
23, 101
23, 102
23, 105
23, 104
23, 102
23, 102
23, 103
23, 105
23, 105
23, 105
23, 104
23, 104
24, 102
24, 101
24, 102
24, 104
24, 105
24, 105
24, 105
24, 106
24, 105
24, 105
24, 104
24, 103
24, 102
24, 102
24, 101
24, 100
24, 101
24, 101
24, 100
24, 100
24, 99
24, 99
24, 99
24, 101
24, 102
24, 104
24, 103
24, 103
24, 103
24, 103
24, 101
24, 102
24, 103
24, 104
24, 104
24, 104
24, 106
24, 107
24, 107
24, 106
24, 107
24, 107
24, 105
24, 103
24, 102
24, 97
24, 96
23, 96
23, 96
23, 97
23, 101
23, 102
23, 102
23, 102
23, 102
23, 103
23, 103
23, 104
23, 101
23, 103
23, 105
23, 105
23, 106
23, 106
23, 105
22, 103
22, 102
22, 102
22, 103
21, 103
21, 104
21, 105
21, 106
21, 106
21, 105
21, 107
21, 106
21, 108
21, 108
21, 110
21, 109
21, 109
21, 110
21, 110
21, 111
21, 110
21, 110
21, 112
21, 112
21, 111
21, 111
21, 109
22, 107
22, 106
22, 105
22, 105
22, 105
22, 104
22, 103
22, 103
22, 103
22, 103
22, 103
22, 103
22, 103
22, 105
22, 107
23, 108
23, 109
23, 110
23, 111
23, 110
23, 110
23, 110
23, 110
23, 109
23, 107
23, 107
23, 109
23, 108
23, 108
23, 108
23, 107
23, 107
23, 106
23, 106
23, 106
23, 107
23, 106
23, 106
23, 106
22, 107
22, 109
22, 110
22, 110
22, 110
22, 109
22, 108
22, 107
22, 107
22, 105
22, 102
22, 101
22, 102
22, 102
22, 101
22, 100
22, 102
22, 105
22, 105
22, 105
22, 104
22, 105
22, 105
22, 105
22, 104
22, 103
22, 104
22, 104
22, 104
22, 106
22, 105
22, 105
22, 102
22, 102
24, 104
24, 101
24, 101
24, 99
24, 97
24, 96
24, 98
24, 99
24, 100
24, 103
24, 105
24, 106
24, 107
24, 104
24, 103
24, 104
24, 107
24, 108
24, 108
24, 108
24, 108
24, 109
24, 109
24, 112
24, 112
24, 113
24, 113
24, 113
24, 113
24, 114
24, 116
24, 115
24, 113
24, 115
24, 114
24, 115
24, 114
24, 114
24, 114
24, 114
24, 116
24, 117
24, 118
24, 118
24, 122
24, 124
24, 124
24, 123
24, 123
24, 123
24, 123
24, 123
24, 123
24, 122
24, 124
24, 125
24, 125
24, 125
24, 124
24, 123
24, 125
26, 127
28, 130
30, 132
32, 133
34, 136
36, 138
36, 138
36, 138
36, 138
36, 140
36, 142
36, 142
36, 141
36, 140
36, 141
36, 141
36, 143
36, 143
36, 143
36, 146
36, 145
36, 145
36, 146
36, 147
36, 146
36, 145
36, 144
36, 145
36, 146
36, 147
36, 145
36, 146
36, 147
36, 147
36, 148
36, 148
36, 148
36, 147
36, 146
36, 145
36, 142
36, 143
36, 143
36, 144
36, 144
36, 144
36, 142
36, 139
36, 140
36, 139
36, 138
36, 137
36, 137
36, 139
36, 139
36, 138
36, 138
36, 138
36, 137
36, 138
36, 137
37, 138
37, 138
37, 137
37, 137
37, 136
37, 136
37, 136
38, 135
38, 136
38, 135
38, 135
38, 135
38, 134
38, 130
38, 128
38, 128
38, 130
39, 128
39, 127
39, 126
39, 126
40, 125
40, 124
40, 122
40, 122
40, 121
41, 122
41, 124
41, 124
41, 123
41, 123
41, 121
41, 121
41, 122
41, 118
41, 115
42, 114
42, 115
42, 115
42, 113
42, 114
42, 114
42, 114
42, 114
42, 118
42, 116
42, 116
42, 115
42, 117
42, 118
42, 118
42, 117
42, 119
42, 119
42, 117
42, 118
42, 120
42, 119
42, 118
42, 118
42, 118
42, 117
42, 116
42, 116
41, 114
41, 114
41, 113
41, 114
41, 114
42, 116
43, 117
43, 116
43, 116
43, 115
43, 114
43, 114
43, 113
43, 112
43, 112
43, 112
43, 112
44, 111
44, 111
44, 110
44, 110
44, 110
44, 109
44, 108
44, 107
44, 106
44, 105
44, 105
44, 105
44, 105
44, 105
44, 105
44, 106
44, 106
44, 104
46, 104
45, 105
45, 106
45, 105
45, 104
45, 102
45, 102
45, 102
45, 100
45, 100
45, 100
45, 101
45, 102
45, 102
45, 101
45, 103
45, 103
45, 104
45, 103
45, 102
45, 102
45, 102
45, 102
45, 102
45, 103
45, 104
45, 105
46, 104
47, 103
46, 102
46, 101
46, 99
46, 97
46, 97
46, 99
46, 101
46, 101
46, 104
46, 107
46, 111
46, 112
46, 110
46, 109
46, 108
46, 108
46, 108
46, 107
46, 106
46, 105
46, 103
46, 102
46, 102
46, 102
46, 101
46, 103
46, 104
46, 105
46, 103
47, 102
47, 103
47, 104
47, 102
47, 101
47, 101
48, 101
48, 103
48, 104
48, 105
48, 106
48, 105
48, 105
48, 107
48, 107
48, 107
48, 107
48, 104
48, 105
48, 104
48, 103
48, 101
48, 101
48, 99
48, 98
48, 97
48, 97
48, 97
48, 95
48, 95
48, 95
48, 94
48, 94
48, 94
48, 96
48, 96
48, 95
48, 94
48, 95
48, 95
48, 96
48, 98
48, 98
48, 98
48, 97
48, 96
48, 97
48, 96
48, 93
48, 92
48, 92
48, 92
48, 92
48, 91
48, 90
48, 89
47, 89
47, 89
47, 88
47, 88
47, 88
47, 88
47, 87
47, 87
47, 87
47, 89
47, 89
47, 88
47, 86
47, 84
47, 82
47, 79
47, 76
47, 74
47, 73
47, 73
47, 73
47, 73
47, 73
47, 72
47, 72
47, 72
47, 71
47, 71
47, 69
47, 68
49, 67
50, 65
50, 65
50, 65
50, 69
50, 72
50, 71
50, 71
50, 70
50, 68
51, 68
51, 68
51, 66
51, 66
52, 66
52, 65
52, 65
52, 66
52, 66
52, 66
52, 66
52, 66
52, 67
52, 66
52, 66
52, 66
52, 67
52, 66
52, 66
52, 66
52, 66
52, 64
52, 63
52, 63
52, 62
52, 59
52, 59
52, 58
52, 58
52, 55
52, 56
52, 56
52, 56
52, 55
52, 55
52, 56
52, 54
52, 53
52, 53
52, 53
52, 53
52, 52
52, 52
52, 52
52, 52
52, 51
52, 52
52, 55
52, 54
52, 54
52, 54
52, 54
52, 54
52, 54
52, 55
52, 56
52, 56
52, 57
52, 57
52, 57
52, 56
52, 56
52, 56
52, 56
52, 57
52, 57
52, 57
52, 56
52, 56
52, 56
52, 58
52, 57
52, 57
52, 58
52, 58
52, 58
52, 56
52, 56
52, 55
52, 52
53, 52
53, 53
54, 52
54, 51
54, 50
54, 50
54, 49
54, 48
54, 48
54, 48
54, 48
54, 48
54, 48
54, 48
54, 49
54, 49
54, 48
54, 48
54, 48
54, 46
54, 46
54, 45
54, 45
54, 45
54, 43
54, 44
54, 44
54, 43
54, 44
54, 44
54, 44
54, 44
54, 44
54, 45
54, 45
54, 45
54, 45
54, 45
53, 46
53, 48
53, 49
53, 48
53, 47
53, 46
53, 46
53, 47
53, 47
52, 48
52, 48
52, 47
52, 47
52, 47
52, 45
52, 46
52, 46
52, 46
52, 46
52, 46
52, 45
52, 45
52, 45
52, 45
53, 45
54, 46
54, 46
54, 45
54, 45
54, 47
54, 48
54, 48
54, 48
54, 48
54, 48
54, 48
55, 47
55, 47
55, 47
55, 47
55, 47
55, 47
55, 47
55, 46
55, 45
55, 47
55, 47
55, 47
55, 47
55, 47
55, 47
54, 46
54, 46
54, 44
54, 44
54, 44
54, 44
53, 43
53, 43
52, 43
51, 43
51, 43
51, 42
51, 42
51, 42
51, 42
49, 42
48, 41
48, 42
48, 44
48, 45
48, 45
48, 47
48, 47
48, 48
48, 48
48, 47
48, 47
48, 46
47, 46
46, 46
46, 44
46, 44
46, 44
46, 42
46, 39
46, 37
46, 37
47, 37
47, 37
47, 37
47, 37
47, 35
47, 35
47, 35
47, 35
47, 35
47, 35
47, 35
47, 35
47, 35
47, 34
