20, 53
23, 59
27, 63
28, 64
28, 66
29, 66
31, 66
32, 66
32, 67
32, 67
32, 67
32, 67
32, 67
32, 66
32, 66
32, 66
32, 68
32, 70
32, 70
32, 70
32, 70
32, 70
32, 70
32, 70
32, 70
32, 70
32, 70
32, 70
32, 75
32, 80
32, 81
32, 81
32, 81
32, 81
32, 81
32, 84
32, 87
32, 87
32, 87
32, 88
33, 90
35, 91
36, 90
36, 90
36, 90
36, 90
36, 90
36, 90
36, 90
36, 89
36, 89
36, 89
36, 89
36, 89
36, 89
36, 89
36, 89
36, 89
36, 89
36, 89
36, 89
36, 89
36, 89
36, 89
36, 90
36, 90
36, 90
36, 90
36, 90
36, 92
36, 93
36, 93
36, 93
36, 94
36, 94
36, 94
36, 94
36, 94
36, 96
36, 97
36, 99
36, 99
36, 97
36, 97
36, 97
36, 97
36, 97
36, 98
36, 98
36, 100
36, 99
36, 98
36, 94
36, 93
36, 92
36, 91
36, 91
36, 91
36, 90
36, 89
36, 88
36, 77
36, 76
36, 76
36, 76
36, 76
36, 76
36, 75
36, 73
36, 73
36, 74
36, 74
36, 74
36, 73
36, 74
36, 76
36, 75
36, 75
36, 75
36, 71
36, 68
37, 66
37, 66
37, 66
37, 66
37, 66
37, 65
37, 63
40, 63
42, 63
42, 62
42, 60
42, 59
42, 59
42, 58
42, 58
42, 60
42, 62
42, 62
42, 62
42, 63
42, 62
42, 62
42, 61
42, 62
42, 62
42, 63
42, 65
42, 65
42, 64
42, 64
42, 62
42, 62
42, 62
42, 62
42, 62
42, 62
42, 62
42, 61
42, 61
42, 59
42, 58
42, 58
42, 58
42, 57
42, 57
42, 57
42, 57
42, 57
42, 55
42, 55
42, 54
42, 54
42, 54
42, 54
42, 55
42, 55
42, 55
42, 54
42, 54
42, 54
42, 55
42, 55
42, 55
42, 55
42, 55
42, 55
42, 55
42, 55
42, 55
42, 55
42, 55
42, 55
42, 55
42, 55
42, 55
42, 55
42, 57
42, 58
42, 58
42, 59
42, 53
42, 53
42, 53
42, 53
42, 52
42, 51
42, 51
42, 51
42, 51
42, 51
42, 51
42, 51
42, 51
42, 51
42, 51
42, 51
42, 51
42, 51
42, 51
42, 51
42, 51
42, 51
42, 51
42, 51
42, 51
42, 55
42, 53
42, 53
42, 53
42, 54
42, 53
43, 53
43, 53
43, 53
43, 52
43, 52
43, 51
43, 50
43, 49
43, 49
43, 49
43, 49
43, 49
43, 49
43, 49
43, 49
43, 48
43, 48
43, 48
43, 48
43, 46
43, 46
43, 47
43, 47
43, 46
43, 46
43, 46
43, 47
43, 47
43, 47
43, 46
43, 47
43, 48
43, 47
43, 47
43, 49
43, 49
43, 49
43, 49
43, 49
43, 49
43, 49
43, 49
43, 49
43, 49
43, 49
43, 49
43, 48
43, 48
43, 48
43, 48
43, 48
43, 48
43, 48
43, 48
43, 47
43, 47
43, 45
43, 43
43, 43
43, 43
43, 43
43, 43
43, 43
43, 43
43, 43
43, 43
43, 44
43, 44
43, 43
43, 39
43, 39
43, 39
43, 39
43, 39
43, 39
43, 39
43, 39
43, 39
43, 39
43, 39
43, 39
43, 39
43, 39
43, 39
43, 41
43, 41
43, 40
43, 39
43, 41
43, 41
43, 42
43, 44
43, 46
43, 48
43, 49
43, 49
43, 48
43, 48
43, 48
43, 48
43, 49
43, 50
43, 50
43, 50
43, 52
43, 52
43, 52
43, 51
43, 51
43, 50
43, 49
43, 48
43, 47
43, 47
43, 47
43, 47
43, 47
43, 46
43, 46
43, 44
43, 43
43, 43
43, 43
43, 43
43, 44
43, 44
43, 44
43, 44
43, 44
43, 44
43, 44
43, 44
43, 44
43, 44
43, 44
43, 43
43, 43
43, 43
43, 43
43, 44
43, 44
43, 44
43, 44
43, 44
43, 45
43, 45
43, 45
43, 45
43, 45
43, 45
43, 46
43, 46
43, 46
43, 46
43, 45
43, 45
43, 45
43, 45
43, 44
43, 44
43, 43
43, 43
43, 43
43, 43
43, 42
43, 42
43, 42
43, 42
43, 42
43, 39
43, 39
43, 39
43, 39
43, 39
43, 39
43, 39
43, 39
43, 39
43, 39
43, 38
43, 38
43, 38
43, 37
43, 35
43, 34
43, 31
43, 31
43, 31
43, 31
43, 31
43, 31
43, 30
43, 30
43, 32
43, 34
43, 34
43, 35
43, 35
43, 35
43, 35
43, 35
43, 35
43, 35
43, 34
44, 34
46, 34
48, 34
48, 34
48, 34
48, 34
48, 34
48, 34
48, 34
48, 34
48, 34
48, 34
48, 33
48, 33
48, 33
48, 33
48, 33
48, 32
48, 32
48, 32
48, 33
48, 32
48, 32
48, 31
48, 31
48, 31
48, 31
48, 31
48, 30
48, 30
48, 29
48, 29
48, 29
48, 29
48, 29
48, 29
48, 29
48, 29
48, 29
48, 29
48, 29
48, 29
48, 29
48, 29
48, 29
48, 29
48, 29
48, 29
48, 29
48, 30
48, 30
48, 30
48, 29
48, 29
48, 29
48, 29
48, 29
48, 29
48, 29
48, 29
48, 29
48, 29
47, 29
47, 29
47, 29
47, 28
47, 28
47, 28
47, 28
47, 28
47, 28
47, 28
47, 28
47, 28
47, 28
47, 30
47, 30
47, 30
47, 30
47, 30
47, 30
47, 28
47, 28
47, 28
47, 27
47, 28
47, 28
46, 28
45, 27
45, 27
45, 27
45, 25
45, 25
45, 25
45, 26
45, 26
45, 26
45, 26
45, 26
45, 26
45, 26
45, 26
45, 26
45, 26
45, 26
45, 26
45, 26
44, 26
43, 26
43, 26
43, 27
43, 27
43, 27
42, 28
42, 28
42, 28
41, 30
41, 30
41, 30
41, 30
41, 31
41, 31
40, 33
39, 33
39, 33
39, 32
39, 31
39, 31
39, 31
39, 31
39, 31
39, 30
39, 30
39, 30
39, 29
39, 29
39, 29
39, 29
39, 29
39, 29
39, 28
39, 30
39, 30
39, 32
39, 32
39, 32
39, 32
39, 32
39, 32
39, 32
38, 32
37, 32
37, 33
37, 33
37, 33
37, 33
37, 33
37, 33
36, 33
36, 33
36, 33
35, 32
35, 32
35, 32
34, 32
33, 32
32, 31
31, 31
31, 31
31, 31
31, 31
31, 31
31, 31
31, 31
31, 31
31, 31
31, 31
31, 31
31, 31
31, 31
31, 31
31, 31
31, 31
31, 31
31, 31
31, 30
31, 30
31, 30
31, 30
31, 30
31, 30
31, 30
31, 30
31, 30
31, 30
31, 30
31, 30
31, 30
31, 30
31, 30
31, 30
31, 29
31, 29
31, 28
31, 28
31, 29
31, 29
31, 28
31, 28
31, 28
31, 27
31, 27
31, 29
31, 30
31, 32
31, 33
31, 33
31, 33
31, 33
31, 33
31, 33
31, 33
31, 33
31, 33
31, 33
31, 33
30, 33
30, 33
29, 33
29, 33
29, 33
31, 32
33, 31
34, 31
34, 29
34, 29
34, 29
34, 29
34, 29
34, 29
34, 29
34, 29
34, 29
33, 29
33, 29
33, 29
33, 29
33, 29
33, 29
33, 30
33, 30
32, 30
32, 30
32, 30
32, 30
32, 30
32, 30
32, 30
32, 30
32, 30
32, 30
32, 30
32, 30
32, 31
32, 31
32, 31
32, 31
32, 31
32, 31
32, 31
31, 31
31, 31
31, 31
31, 31
31, 31
31, 31
31, 31
31, 30
31, 30
31, 30
31, 29
31, 28
31, 28
31, 27
31, 27
31, 27
31, 27
31, 26
31, 25
31, 25
31, 25
31, 25
31, 25
31, 25
31, 25
31, 25
31, 24
31, 24
31, 24
31, 24
31, 24
31, 24
31, 26
31, 27
33, 26
34, 24
34, 23
34, 23
34, 23
34, 23
34, 23
34, 23
34, 23
34, 23
34, 23
34, 23
34, 23
34, 22
34, 22
34, 22
34, 22
34, 22
34, 22
34, 22
34, 21
34, 21
34, 21
34, 21
34, 21
34, 21
34, 21
34, 21
34, 21
34, 21
34, 21
34, 20
34, 20
34, 20
34, 20
34, 20
34, 19
34, 19
34, 19
34, 18
34, 18
34, 18
34, 18
34, 18
34, 18
34, 19
34, 19
34, 19
34, 19
34, 19
34, 19
34, 19
34, 19
34, 21
34, 22
34, 22
34, 22
34, 22
34, 22
34, 22
34, 22
34, 22
34, 22
34, 22
34, 22
34, 22
34, 22
34, 22
34, 23
34, 22
34, 22
34, 22
34, 22
34, 22
34, 22
34, 22
34, 22
34, 21
34, 21
34, 21
34, 21
34, 21
34, 21
34, 21
34, 21
34, 21
34, 21
34, 21
33, 20
33, 19
33, 19
33, 19
33, 19
33, 19
33, 19
33, 20
33, 19
33, 19
32, 19
32, 18
32, 17
32, 17
31, 17
31, 17
31, 17
31, 17
31, 17
31, 17
31, 17
31, 17
31, 17
31, 17
31, 17
31, 17
31, 17
31, 17
31, 17
31, 17
31, 17
31, 17
31, 17
31, 17
31, 17
31, 17
31, 17
31, 17
31, 17
31, 17
31, 17
31, 17
31, 17
31, 17
31, 17
31, 17
31, 17
31, 17
31, 17
31, 17
31, 17
31, 17
31, 17
31, 17
31, 17
31, 17
31, 15
31, 15
31, 15
31, 15
31, 15
31, 15
31, 15
30, 15
30, 15
29, 15
29, 15
29, 15
29, 14
29, 14
29, 13
29, 14
29, 14
29, 14
29, 14
29, 14
29, 14
29, 14
29, 14
29, 14
29, 14
29, 14
29, 14
29, 14
29, 14
29, 14
29, 14
29, 14
29, 14
29, 14
29, 14
29, 14
29, 14
29, 14
29, 14
29, 14
29, 14
29, 14
29, 14
29, 14
29, 14
29, 14
29, 14
29, 14
29, 14
29, 14
29, 14
29, 14
29, 14
29, 14
29, 14
29, 14
29, 14
29, 14
29, 14
29, 14
29, 14
29, 14
29, 14
29, 14
29, 14
29, 14
29, 14
29, 13
29, 13
29, 13
29, 13
28, 13
28, 13
28, 13
28, 13
28, 13
28, 12
28, 12
28, 12
28, 12
27, 12
27, 11
27, 11
26, 11
26, 11
26, 10
26, 10
26, 10
26, 10
26, 10
26, 11
26, 11
26, 11
26, 11
25, 11
25, 11
25, 11
25, 11
25, 11
25, 11
25, 11
25, 11
25, 11
25, 11
25, 11
25, 10
25, 10
25, 10
25, 10
25, 10
25, 10
25, 10
25, 10
25, 10
25, 10
25, 10
25, 10
25, 10
25, 10
25, 10
25, 10
25, 10
25, 10
25, 10
25, 10
25, 10
25, 10
25, 11
25, 13
25, 13
25, 14
25, 16
25, 17
25, 17
25, 17
25, 17
25, 16
25, 16
25, 16
25, 16
25, 17
25, 17
25, 17
25, 17
25, 17
25, 17
25, 17
25, 16
25, 16
25, 16
25, 16
25, 16
25, 16
25, 16
25, 16
25, 16
25, 16
25, 16
25, 16
25, 16
25, 16
25, 16
25, 16
25, 16
25, 16
25, 16
25, 18
25, 19
25, 21
25, 23
25, 23
25, 23
25, 23
25, 23
25, 23
25, 23
25, 23
25, 23
25, 23
25, 24
25, 24
25, 24
25, 23
25, 23
25, 23
25, 23
25, 23
25, 23
25, 23
25, 23
25, 23
25, 23
25, 23
25, 23
25, 23
25, 23
25, 23
25, 23
25, 23
25, 23
25, 23
25, 23
25, 23
25, 23
25, 22
25, 22
25, 22
25, 22
25, 22
25, 23
25, 23
25, 23
25, 23
25, 23
25, 24
25, 25
25, 25
25, 25
25, 25
25, 25
25, 24
25, 23
25, 23
25, 23
25, 23
25, 23
25, 23
25, 23
25, 24
25, 25
25, 25
25, 25
25, 25
25, 25
25, 25
25, 25
25, 25
25, 25
25, 25
25, 25
25, 25
25, 25
25, 25
25, 25
25, 25
25, 25
25, 25
25, 25
25, 25
25, 25
25, 25
25, 25
25, 25
25, 25
25, 27
25, 28
25, 28
25, 26
25, 26
25, 26
25, 26
25, 26
25, 26
25, 26
25, 26
25, 26
25, 28
25, 28
25, 28
25, 27
25, 27
25, 27
25, 27
25, 27
25, 27
25, 27
25, 27
25, 28
25, 28
25, 28
25, 29
25, 29
25, 29
25, 29
25, 29
25, 29
25, 28
25, 28
25, 28
25, 28
25, 28
25, 28
25, 28
25, 28
25, 28
25, 29
25, 29
25, 29
25, 29
25, 29
25, 29
25, 30
25, 31
25, 31
25, 31
25, 30
25, 29
25, 29
25, 29
25, 29
24, 29
24, 29
24, 29
22, 29
22, 29
22, 29
22, 29
22, 29
22, 29
22, 29
22, 28
22, 28
22, 28
22, 28
21, 28
20, 28
19, 28
19, 29
19, 30
19, 30
19, 30
19, 29
19, 31
19, 31
19, 33
19, 35
19, 36
19, 36
19, 36
19, 36
19, 36
19, 36
19, 36
18, 36
18, 36
18, 35
18, 35
18, 36
18, 36
18, 36
18, 36
18, 36
18, 36
18, 36
18, 38
18, 40
18, 40
18, 39
18, 40
18, 40
18, 40
18, 40
18, 40
18, 41
18, 41
18, 41
18, 41
18, 43
18, 43
18, 43
18, 42
18, 42
18, 42
18, 42
18, 42
18, 43
18, 43
18, 43
18, 44
18, 45
18, 45
18, 45
18, 45
17, 45
17, 45
17, 47
17, 48
17, 48
17, 48
17, 47
17, 46
17, 46
17, 47
17, 48
17, 48
17, 48
18, 50
18, 50
18, 50
18, 50
18, 51
18, 51
18, 51
18, 51
18, 53
18, 53
18, 53
18, 53
18, 53
18, 53
18, 53
18, 53
18, 52
18, 51
18, 51
18, 51
17, 51
17, 51
17, 50
17, 50
17, 49
18, 49
19, 49
19, 49
19, 49
19, 50
19, 49
19, 48
19, 48
19, 48
19, 48
19, 48
19, 47
19, 47
19, 46
20, 46
20, 46
20, 46
20, 47
20, 47
20, 47
20, 48
20, 49
20, 49
20, 50
20, 49
20, 48
20, 49
20, 53
20, 56
20, 58
20, 59
20, 59
20, 60
20, 60
20, 60
20, 60
20, 60
20, 60
20, 60
20, 60
20, 60
20, 61
20, 62
20, 62
20, 63
20, 62
20, 62
20, 62
20, 63
20, 63
20, 63
20, 63
20, 63
20, 64
20, 64
20, 63
20, 63
20, 63
20, 63
20, 63
20, 63
20, 64
20, 65
20, 66
20, 67
20, 67
20, 66
20, 66
20, 66
20, 66
20, 66
20, 66
20, 67
20, 67
20, 67
20, 67
20, 67
20, 68
20, 68
20, 69
20, 68
20, 68
20, 68
20, 68
20, 69
20, 69
20, 69
20, 69
20, 70
20, 69
20, 69
20, 68
20, 68
20, 68
20, 68
20, 67
20, 65
20, 64
20, 64
20, 65
20, 66
20, 66
20, 66
20, 66
20, 69
20, 70
20, 70
20, 70
20, 70
20, 70
20, 72
20, 72
20, 72
20, 72
20, 72
20, 72
20, 73
20, 72
20, 72
20, 71
20, 70
20, 69
20, 69
20, 69
20, 69
20, 72
20, 72
20, 72
20, 72
20, 72
20, 72
20, 74
20, 74
20, 75
20, 77
20, 77
20, 77
20, 76
20, 76
20, 76
20, 76
20, 78
20, 78
20, 80
20, 80
20, 80
20, 80
20, 79
20, 78
20, 78
20, 78
20, 78
20, 78
20, 78
20, 76
20, 76
20, 76
20, 76
20, 78
20, 78
20, 79
21, 79
21, 79
21, 79
21, 79
21, 79
21, 79
21, 79
21, 79
21, 80
21, 81
21, 82
21, 82
21, 82
21, 80
21, 80
21, 80
21, 80
21, 80
21, 80
21, 80
20, 80
20, 79
20, 79
20, 81
20, 83
20, 84
20, 84
20, 84
20, 83
20, 82
20, 82
20, 82
20, 82
19, 82
19, 81
19, 81
19, 81
19, 82
19, 84
19, 85
19, 83
19, 84
19, 84
19, 85
19, 85
19, 85
19, 85
19, 85
19, 84
19, 84
19, 86
19, 89
21, 88
21, 89
21, 90
21, 90
21, 90
21, 91
21, 91
21, 93
21, 93
21, 90
21, 90
21, 92
21, 94
21, 95
21, 95
21, 95
21, 95
21, 95
21, 96
21, 95
21, 95
21, 98
21, 98
21, 98
21, 99
21, 99
21, 99
21, 99
21, 99
21, 99
21, 98
21, 99
21, 101
21, 100
21, 100
21, 100
21, 101
21, 100
21, 99
21, 99
21, 102
21, 102
21, 101
21, 101
21, 101
21, 101
21, 101
21, 101
21, 99
21, 98
21, 99
20, 99
20, 99
20, 101
20, 103
20, 103
20, 102
20, 105
20, 106
20, 108
20, 116
20, 117
20, 116
20, 115
20, 114
20, 115
20, 115
20, 115
20, 115
20, 115
20, 114
20, 114
20, 113
20, 115
20, 115
20, 116
20, 116
20, 115
20, 114
20, 114
20, 116
20, 116
20, 115
20, 115
20, 117
20, 119
20, 118
20, 119
20, 119
20, 119
20, 116
20, 116
20, 116
20, 117
20, 116
20, 118
20, 120
20, 120
20, 122
20, 125
20, 128
20, 131
20, 133
20, 129
20, 128
20, 129
20, 130
20, 131
20, 132
20, 133
20, 134
20, 131
20, 130
20, 129
20, 129
20, 129
20, 133
20, 133
20, 133
20, 133
20, 133
20, 132
20, 133
20, 137
20, 141
20, 141
20, 140
20, 139
20, 140
20, 141
20, 144
20, 144
20, 146
20, 143
20, 144
20, 144
20, 142
20, 140
20, 142
20, 142
20, 142
20, 142
20, 141
20, 140
20, 139
20, 136
20, 136
20, 136
20, 134
20, 136
20, 133
20, 128
20, 127
20, 127
20, 127
20, 126
20, 126
20, 126
20, 127
20, 127
20, 127
20, 127
20, 126
20, 129
20, 129
20, 130
20, 130
20, 131
20, 133
21, 133
21, 133
21, 134
21, 134
21, 134
21, 135
21, 134
21, 135
21, 137
21, 138
21, 137
21, 138
21, 140
21, 142
21, 144
21, 147
21, 147
21, 147
21, 146
21, 145
21, 146
21, 145
21, 145
21, 145
21, 146
21, 150
21, 152
21, 154
21, 155
21, 155
21, 154
21, 155
21, 154
21, 155
21, 156
21, 155
21, 154
21, 155
21, 154
21, 154
21, 154
21, 155
21, 156
21, 156
21, 155
21, 153
21, 152
21, 153
21, 154
21, 154
21, 153
21, 155
21, 154
21, 155
21, 153
21, 153
21, 152
21, 151
21, 151
21, 151
21, 150
21, 152
21, 151
21, 151
21, 151
21, 151
21, 152
21, 153
21, 152
21, 151
21, 149
21, 148
21, 147
21, 147
21, 149
21, 152
21, 152
21, 155
21, 155
21, 153
21, 151
21, 150
21, 150
21, 151
21, 152
21, 150
21, 149
22, 148
22, 148
22, 150
22, 150
22, 151
22, 154
22, 154
22, 153
22, 150
22, 150
22, 151
22, 149
23, 149
23, 148
23, 148
23, 147
23, 148
23, 145
23, 143
23, 141
22, 143
22, 145
22, 144
22, 145
22, 145
22, 147
22, 147
22, 149
22, 149
22, 149
22, 152
22, 152
22, 150
22, 147
22, 147
22, 149
22, 148
22, 146
22, 146
22, 148
22, 147
22, 147
22, 147
22, 148
22, 149
22, 145
22, 143
22, 144
22, 147
22, 150
22, 148
22, 150
22, 150
22, 150
22, 153
22, 155
22, 154
22, 154
22, 154
22, 154
22, 154
22, 154
22, 154
23, 157
23, 158
23, 161
23, 162
23, 167
23, 168
23, 168
23, 168
23, 169
23, 170
23, 173
23, 175
22, 178
22, 180
22, 181
22, 181
22, 181
21, 182
21, 179
21, 183
21, 184
21, 184
21, 184
21, 184
21, 185
21, 185
21, 187
21, 187
21, 190
21, 190
21, 191
21, 192
21, 190
21, 188
21, 187
21, 187
21, 187
21, 185
21, 185
21, 187
21, 192
21, 197
21, 198
21, 200
21, 202
21, 202
21, 205
21, 207
21, 208
21, 208
21, 210
21, 211
21, 212
21, 210
21, 210
21, 213
21, 212
21, 211
21, 212
21, 214
21, 218
21, 220
21, 220
21, 221
21, 221
21, 223
21, 224
21, 223
21, 225
21, 225
21, 229
21, 229
21, 231
21, 232
21, 233
21, 232
21, 230
21, 229
21, 232
21, 231
21, 231
21, 231
21, 231
21, 233
21, 234
21, 235
21, 237
21, 236
21, 234
21, 237
21, 244
21, 249
21, 251
21, 250
21, 250
21, 247
21, 248
21, 250
21, 250
21, 248
21, 246
21, 244
21, 243
21, 242
21, 239
21, 238
21, 236
21, 236
21, 234
21, 234
21, 235
21, 237
21, 237
21, 237
21, 236
21, 234
21, 234
21, 233
21, 235
21, 233
21, 233
21, 230
21, 229
21, 231
21, 229
21, 229
21, 227
21, 227
21, 227
21, 228
21, 226
21, 221
21, 215
21, 213
21, 213
21, 210
21, 210
21, 210
21, 209
21, 206
21, 204
21, 202
21, 200
21, 197
21, 195
21, 190
21, 188
21, 187
21, 186
21, 182
21, 180
21, 177
21, 172
21, 173
21, 171
21, 170
21, 168
21, 165
21, 165
21, 162
21, 162
21, 159
21, 156
21, 153
21, 152
21, 151
21, 151
21, 151
21, 150
21, 147
21, 147
21, 145
21, 144
21, 142
21, 140
21, 142
21, 142
21, 141
21, 142
21, 143
21, 142
21, 135
21, 134
21, 132
21, 131
21, 133
21, 133
21, 131
21, 129
21, 128
21, 127
21, 125
21, 125
21, 125
21, 125
21, 125
21, 124
21, 125
21, 125
21, 125
21, 125
22, 124
24, 122
24, 122
24, 120
25, 119
27, 118
28, 117
28, 117
28, 115
28, 115
28, 115
28, 115
28, 114
28, 111
28, 111
28, 111
28, 109
28, 109
28, 109
28, 107
28, 109
28, 111
28, 113
28, 115
28, 114
28, 114
28, 113
28, 112
28, 113
28, 110
28, 109
28, 109
28, 109
28, 110
28, 110
28, 110
28, 107
28, 107
28, 107
28, 105
28, 105
28, 105
28, 103
28, 102
28, 100
28, 100
28, 100
28, 101
28, 100
28, 100
28, 100
28, 98
28, 98
28, 97
28, 96
28, 96
28, 96
28, 95
28, 95
28, 94
28, 93
28, 93
28, 93
28, 92
28, 90
28, 87
28, 86
28, 84
28, 82
28, 81
28, 77
28, 75
28, 73
28, 71
28, 69
28, 67
28, 67
28, 68
28, 68
28, 68
28, 69
28, 68
28, 70
28, 72
28, 72
28, 72
28, 72
28, 72
28, 72
28, 72
28, 71
28, 71
28, 71
28, 70
28, 70
28, 70
28, 69
28, 69
28, 69
28, 69
28, 69
28, 69
29, 69
29, 69
29, 68
29, 68
29, 68
29, 68
29, 68
29, 68
29, 69
29, 69
29, 68
29, 69
29, 68
29, 67
29, 67
29, 66
29, 65
29, 65
29, 65
29, 65
29, 65
29, 63
29, 64
29, 65
29, 68
29, 70
29, 69
29, 68
29, 70
29, 71
29, 71
28, 71
28, 71
28, 71
28, 72
28, 71
28, 71
28, 70
28, 70
28, 70
28, 70
28, 70
28, 70
28, 70
30, 70
30, 70
30, 70
30, 70
30, 70
30, 70
30, 70
30, 70
30, 70
30, 70
30, 70
30, 70
30, 70
30, 70
30, 70
30, 70
30, 70
30, 70
30, 70
30, 72
30, 74
30, 76
30, 75
30, 75
30, 74
30, 75
30, 75
30, 73
30, 73
30, 73
30, 73
30, 73
30, 73
30, 73
30, 72
30, 71
30, 70
30, 70
30, 70
30, 70
30, 70
30, 69
30, 69
30, 69
30, 67
30, 67
30, 67
30, 67
30, 67
30, 67
30, 67
30, 67
30, 67
30, 67
30, 67
30, 67
30, 66
30, 66
30, 65
30, 66
30, 67
30, 67
30, 68
30, 68
30, 68
30, 68
30, 67
30, 66
30, 66
30, 66
30, 66
30, 65
30, 64
30, 64
30, 64
30, 64
30, 65
30, 65
30, 65
30, 65
30, 64
30, 64
30, 65
30, 66
30, 68
30, 70
30, 71
30, 71
30, 71
30, 71
30, 71
30, 71
30, 71
30, 71
31, 70
31, 70
31, 70
31, 70
31, 70
31, 70
31, 70
31, 70
31, 70
31, 70
31, 70
31, 70
31, 70
31, 71
31, 73
31, 73
31, 72
31, 72
31, 72
31, 74
31, 74
31, 74
31, 74
31, 75
31, 75
31, 75
31, 75
31, 75
31, 75
31, 75
31, 77
31, 78
31, 79
31, 78
31, 77
31, 77
31, 76
31, 76
31, 76
31, 76
31, 75
31, 75
31, 74
31, 74
31, 79
31, 82
31, 83
31, 83
32, 83
32, 83
32, 83
32, 83
32, 83
32, 83
32, 83
32, 85
32, 87
32, 88
32, 89
32, 88
32, 87
32, 86
32, 86
32, 86
32, 86
32, 88
32, 90
32, 93
32, 93
32, 93
32, 93
33, 93
33, 95
33, 93
33, 93
33, 93
33, 93
33, 93
33, 92
33, 92
33, 93
33, 92
33, 90
33, 88
33, 89
33, 89
33, 90
33, 89
33, 89
33, 89
33, 92
33, 93
33, 93
33, 93
33, 93
33, 94
33, 94
33, 94
33, 95
33, 93
33, 92
33, 92
33, 92
33, 92
33, 91
33, 91
33, 91
33, 91
33, 91
33, 91
33, 90
33, 90
33, 88
33, 88
33, 90
33, 91
32, 91
32, 91
32, 91
32, 91
32, 90
32, 89
32, 89
32, 89
32, 89
32, 91
32, 89
32, 88
32, 88
32, 88
32, 88
32, 89
32, 90
32, 90
32, 90
32, 88
32, 86
32, 84
32, 85
32, 86
32, 86
32, 85
32, 85
32, 85
32, 85
32, 85
32, 85
32, 83
32, 81
32, 81
32, 81
32, 81
32, 81
32, 81
32, 81
32, 82
32, 80
32, 79
32, 78
32, 78
32, 77
32, 77
32, 76
32, 75
32, 74
32, 74
32, 73
32, 71
32, 70
32, 70
32, 70
32, 69
32, 68
32, 70
32, 70
33, 68
33, 68
33, 68
33, 68
33, 67
33, 66
33, 65
33, 64
33, 63
33, 61
33, 61
33, 61
33, 62
33, 62
33, 62
33, 62
33, 62
33, 62
33, 62
33, 61
33, 61
33, 61
33, 61
33, 62
33, 63
33, 63
33, 63
33, 64
33, 64
33, 63
33, 63
33, 61
33, 61
33, 60
33, 60
33, 60
33, 59
33, 59
33, 61
33, 63
33, 63
33, 63
33, 62
33, 61
33, 61
33, 61
33, 60
33, 61
33, 63
33, 63
33, 63
33, 64
33, 65
33, 66
33, 65
33, 63
33, 63
33, 63
33, 63
33, 63
33, 62
33, 62
33, 60
33, 60
33, 60
33, 60
33, 60
33, 60
33, 59
33, 59
33, 59
33, 59
33, 58
33, 58
33, 58
33, 58
32, 58
32, 58
32, 59
32, 59
32, 59
32, 59
32, 59
32, 59
32, 59
32, 59
32, 61
32, 61
32, 61
32, 60
32, 61
32, 61
32, 61
32, 61
32, 61
32, 61
32, 61
32, 61
32, 62
31, 64
31, 65
31, 65
31, 64
31, 63
31, 63
31, 63
31, 63
31, 65
31, 65
31, 65
31, 65
31, 65
31, 66
31, 66
31, 65
31, 64
31, 64
31, 64
31, 66
31, 67
31, 67
31, 69
31, 69
31, 69
31, 68
31, 68
31, 68
32, 68
32, 69
32, 67
32, 66
32, 65
32, 64
32, 63
32, 64
32, 63
32, 63
31, 61
31, 60
30, 59
30, 59
30, 59
30, 59
30, 58
30, 57
30, 57
30, 57
30, 57
30, 57
29, 61
29, 63
29, 65
29, 65
29, 67
29, 69
29, 69
29, 69
29, 69
29, 69
29, 70
29, 70
29, 70
29, 70
29, 70
29, 70
30, 70
30, 70
30, 70
30, 70
30, 69
30, 69
30, 68
30, 68
30, 68
30, 68
30, 68
30, 67
30, 66
30, 67
30, 70
30, 72
30, 75
30, 76
30, 77
30, 78
30, 78
30, 79
31, 81
31, 81
31, 81
31, 81
31, 82
31, 81
31, 81
31, 81
31, 80
31, 79
31, 79
31, 78
31, 78
31, 76
31, 76
31, 75
31, 74
31, 73
31, 73
31, 73
31, 72
31, 72
31, 72
31, 72
31, 72
31, 72
31, 72
31, 72
31, 72
31, 72
31, 71
31, 71
31, 70
31, 70
31, 70
31, 70
31, 70
31, 70
31, 71
31, 73
31, 73
31, 72
31, 72
31, 72
31, 72
31, 72
31, 74
31, 77
31, 78
31, 76
31, 76
31, 76
31, 77
31, 76
30, 75
30, 73
30, 73
30, 72
30, 70
30, 70
30, 69
30, 67
30, 68
30, 69
30, 69
30, 71
30, 71
30, 73
30, 73
30, 73
30, 73
30, 73
30, 73
30, 73
30, 74
30, 73
30, 73
30, 73
30, 73
30, 73
30, 73
30, 73
30, 73
30, 70
30, 70
30, 68
30, 67
30, 67
30, 66
30, 66
30, 66
30, 65
30, 65
30, 65
30, 64
30, 63
30, 63
30, 63
30, 63
30, 63
30, 65
30, 66
30, 65
30, 65
30, 65
30, 65
30, 65
30, 64
30, 64
30, 64
30, 64
30, 64
30, 66
30, 66
30, 66
30, 66
30, 66
30, 66
30, 66
30, 65
30, 64
30, 64
30, 62
30, 61
30, 61
30, 62
30, 61
30, 61
30, 62
30, 60
30, 59
30, 58
31, 58
31, 58
31, 57
31, 57
31, 57
31, 57
31, 56
31, 55
31, 55
31, 55
31, 55
31, 54
31, 54
31, 54
31, 56
31, 58
31, 58
31, 60
31, 60
31, 60
31, 60
31, 58
31, 57
31, 57
31, 56
31, 56
31, 55
31, 55
31, 55
31, 55
31, 55
31, 55
31, 54
31, 54
31, 56
31, 56
31, 56
31, 58
31, 56
31, 55
31, 55
31, 57
31, 57
31, 57
31, 57
31, 57
31, 57
31, 58
31, 57
31, 57
31, 57
31, 57
31, 57
31, 57
31, 59
31, 59
31, 58
31, 58
31, 58
31, 58
31, 57
31, 57
31, 57
31, 57
31, 57
31, 57
31, 57
31, 58
31, 58
31, 58
31, 59
31, 58
31, 58
31, 58
31, 58
31, 59
31, 60
31, 60
31, 60
31, 62
31, 64
31, 66
31, 68
31, 67
31, 65
31, 65
31, 65
31, 64
31, 61
31, 61
31, 61
31, 59
31, 58
31, 57
31, 57
31, 57
31, 57
31, 57
31, 57
31, 57
31, 56
31, 54
31, 53
31, 52
31, 53
31, 54
31, 55
31, 54
30, 54
30, 54
30, 54
30, 54
30, 57
30, 55
30, 55
30, 55
30, 56
30, 56
30, 57
30, 57
30, 57
30, 57
30, 56
30, 56
30, 56
30, 53
30, 52
30, 52
30, 52
30, 53
30, 53
30, 53
30, 52
30, 52
30, 52
30, 52
30, 53
32, 52
33, 51
33, 51
33, 51
33, 51
33, 51
33, 51
33, 51
33, 50
33, 50
33, 51
33, 51
34, 51
34, 51
34, 52
34, 52
34, 52
34, 52
34, 52
34, 52
33, 52
33, 52
33, 52
33, 54
33, 54
33, 53
33, 53
33, 53
33, 53
33, 52
33, 52
33, 52
32, 52
32, 51
33, 51
33, 50
32, 50
32, 49
32, 49
32, 49
32, 49
32, 48
32, 47
32, 47
32, 46
33, 45
33, 45
33, 46
33, 46
33, 46
33, 46
33, 46
33, 46
33, 46
33, 46
33, 46
33, 46
33, 47
33, 46
33, 45
33, 45
33, 45
33, 46
33, 46
33, 46
33, 46
33, 45
33, 45
33, 44
33, 44
33, 44
33, 44
33, 44
33, 44
33, 43
33, 43
33, 43
33, 43
33, 43
33, 44
33, 44
33, 45
33, 46
33, 46
33, 45
33, 45
33, 45
33, 45
33, 46
33, 46
33, 45
33, 44
33, 44
33, 44
33, 45
33, 45
33, 46
33, 46
33, 46
33, 45
33, 45
33, 45
33, 45
33, 45
33, 45
33, 45
33, 45
33, 46
33, 46
33, 46
33, 46
33, 46
33, 46
33, 46
33, 45
33, 45
33, 45
33, 45
33, 45
33, 45
33, 45
33, 43
33, 43
33, 43
33, 43
33, 43
33, 43
32, 43
32, 43
32, 43
32, 42
32, 42
32, 42
32, 41
32, 40
32, 41
32, 41
32, 41
32, 40
32, 40
32, 40
32, 40
32, 41
32, 42
32, 42
32, 42
32, 42
32, 42
32, 43
32, 45
32, 46
32, 46
32, 46
32, 46
32, 46
32, 47
32, 46
32, 46
32, 48
32, 48
32, 48
32, 49
32, 48
32, 49
32, 49
32, 48
32, 48
32, 48
32, 48
32, 48
32, 46
32, 47
32, 47
32, 49
32, 49
32, 49
32, 49
32, 49
32, 49
32, 48
32, 48
32, 48
32, 48
32, 48
32, 48
32, 48
32, 48
32, 48
32, 49
32, 49
32, 49
32, 49
32, 49
32, 49
32, 49
32, 49
32, 49
32, 49
32, 49
32, 49
32, 50
32, 50
32, 50
32, 50
32, 50
32, 50
32, 50
32, 50
32, 52
32, 53
32, 53
32, 52
32, 52
32, 52
32, 52
32, 52
32, 52
32, 52
32, 51
32, 51
32, 53
32, 53
32, 55
32, 55
32, 55
32, 55
30, 55
30, 55
30, 55
30, 56
30, 56
30, 56
30, 56
30, 55
30, 55
30, 54
30, 54
30, 54
30, 54
30, 53
30, 52
30, 51
30, 51
30, 52
29, 53
28, 56
28, 56
28, 55
28, 55
28, 56
28, 56
28, 56
28, 55
28, 55
28, 55
28, 55
28, 55
28, 55
28, 55
28, 55
28, 55
28, 55
28, 55
28, 56
28, 56
28, 56
28, 56
28, 56
28, 56
28, 55
28, 55
28, 55
28, 54
28, 54
28, 53
27, 53
27, 52
27, 52
27, 52
27, 51
28, 51
29, 51
29, 51
29, 50
29, 51
29, 53
29, 54
29, 54
29, 54
29, 54
29, 54
28, 53
28, 52
28, 52
28, 52
28, 52
28, 52
28, 51
28, 51
28, 48
28, 47
28, 49
28, 50
28, 50
28, 50
28, 49
28, 49
28, 48
28, 48
28, 48
28, 49
28, 51
28, 50
28, 50
28, 51
28, 52
28, 52
28, 52
28, 52
28, 51
28, 51
28, 51
27, 51
27, 51
27, 51
27, 51
27, 51
27, 51
27, 51
27, 51
27, 52
27, 52
27, 54
27, 55
27, 54
27, 53
27, 53
27, 54
27, 54
27, 53
27, 53
27, 53
27, 52
27, 52
27, 52
27, 52
27, 52
27, 53
27, 54
27, 54
27, 54
27, 54
27, 54
27, 54
27, 53
27, 52
27, 53
27, 54
27, 54
27, 54
27, 54
27, 54
27, 54
27, 55
27, 55
27, 55
27, 55
27, 56
27, 57
27, 57
27, 57
27, 57
27, 57
27, 57
27, 57
27, 57
27, 55
26, 55
26, 56
26, 56
26, 57
26, 57
26, 59
26, 60
26, 59
26, 59
26, 58
26, 59
26, 60
26, 59
26, 60
26, 61
26, 60
26, 59
26, 61
26, 61
26, 60
25, 61
25, 61
25, 61
25, 61
25, 60
25, 59
25, 59
25, 58
25, 58
25, 58
25, 59
25, 60
25, 60
25, 60
25, 60
25, 59
25, 59
25, 58
25, 59
25, 59
25, 59
25, 58
25, 58
25, 59
25, 61
25, 63
25, 63
25, 63
25, 63
25, 62
25, 62
25, 61
25, 61
25, 61
25, 61
25, 61
25, 61
25, 62
25, 62
25, 62
25, 62
25, 62
25, 61
25, 62
25, 61
25, 61
25, 62
25, 62
25, 62
25, 62
25, 61
25, 61
25, 61
25, 62
25, 63
25, 63
25, 63
25, 63
25, 64
25, 64
25, 64
25, 65
25, 65
25, 65
25, 66
25, 66
25, 64
25, 64
25, 64
25, 64
25, 64
24, 63
24, 63
24, 63
24, 61
24, 61
24, 60
24, 61
24, 62
24, 62
24, 62
24, 62
24, 62
24, 62
24, 61
24, 61
24, 61
24, 61
24, 60
24, 60
24, 60
24, 60
24, 61
24, 62
24, 65
24, 68
24, 69
24, 69
24, 69
24, 68
24, 67
24, 66
24, 66
24, 68
24, 68
24, 68
24, 68
24, 68
24, 66
24, 68
24, 68
24, 68
24, 67
24, 68
24, 68
24, 67
24, 66
24, 66
24, 65
24, 65
24, 65
24, 65
24, 65
24, 64
24, 62
24, 62
24, 61
24, 61
24, 60
24, 60
24, 60
24, 60
24, 64
24, 64
24, 64
24, 65
24, 65
24, 65
24, 65
24, 65
24, 65
24, 66
24, 67
24, 68
24, 68
24, 69
24, 69
24, 70
24, 72
24, 73
23, 73
23, 74
23, 74
23, 74
23, 75
23, 73
23, 73
23, 73
23, 73
23, 73
23, 73
23, 71
23, 71
23, 71
23, 72
22, 72
22, 72
22, 73
22, 74
22, 74
22, 74
21, 74
21, 72
21, 72
21, 72
21, 73
21, 74
21, 74
21, 75
21, 76
21, 76
21, 76
21, 76
21, 75
21, 74
21, 73
21, 71
21, 71
21, 71
20, 71
20, 71
20, 71
20, 71
20, 74
20, 74
20, 74
20, 74
20, 74
20, 76
20, 79
19, 78
19, 78
19, 77
19, 77
19, 77
19, 75
19, 75
19, 75
19, 75
19, 74
19, 74
19, 74
19, 75
19, 75
19, 77
19, 77
19, 78
19, 78
19, 78
19, 78
19, 77
19, 76
19, 76
19, 75
19, 75
19, 74
19, 74
19, 75
19, 75
19, 75
19, 75
19, 76
19, 79
19, 78
19, 79
19, 79
19, 76
19, 77
19, 76
19, 74
19, 74
19, 73
19, 73
19, 73
19, 74
19, 73
19, 73
19, 74
19, 74
19, 74
19, 74
19, 73
19, 73
19, 72
19, 72
19, 71
19, 71
19, 72
19, 72
19, 71
19, 71
19, 71
19, 71
19, 71
19, 71
19, 70
19, 70
19, 70
19, 71
19, 70
19, 69
19, 69
19, 69
19, 68
19, 69
19, 70
19, 70
19, 70
18, 70
18, 69
18, 69
18, 69
18, 70
18, 70
18, 70
18, 70
18, 70
18, 70
18, 70
18, 68
18, 69
18, 69
18, 69
18, 72
18, 75
18, 77
18, 80
18, 81
18, 81
18, 83
18, 83
18, 83
18, 83
18, 83
18, 83
18, 83
18, 83
18, 82
18, 82
18, 82
18, 82
18, 82
18, 82
18, 82
18, 82
18, 82
18, 82
18, 82
18, 82
18, 82
18, 82
18, 85
18, 86
18, 82
18, 82
18, 82
18, 82
18, 82
18, 81
18, 83
18, 83
18, 83
18, 83
18, 82
18, 81
18, 83
18, 83
18, 83
18, 83
18, 83
18, 83
18, 83
18, 83
18, 84
18, 85
18, 85
18, 87
18, 87
18, 86
18, 86
18, 88
18, 90
18, 92
18, 94
18, 98
18, 100
18, 106
18, 108
18, 108
18, 106
18, 106
18, 107
18, 108
18, 110
18, 110
18, 112
18, 112
18, 112
18, 111
18, 112
18, 111
18, 110
18, 108
18, 108
18, 108
18, 109
18, 110
18, 110
18, 110
18, 110
18, 110
18, 109
18, 109
18, 109
18, 109
18, 106
18, 104
18, 103
18, 104
18, 102
18, 103
17, 103
17, 103
17, 103
17, 101
17, 101
17, 101
17, 103
17, 104
17, 105
17, 104
17, 106
17, 108
17, 107
17, 107
17, 108
16, 111
16, 113
16, 115
16, 118
16, 121
16, 121
16, 121
16, 121
16, 121
16, 122
16, 122
17, 121
17, 120
17, 121
18, 121
18, 123
18, 124
18, 123
18, 123
18, 123
18, 121
18, 120
18, 121
18, 121
18, 121
18, 120
18, 120
18, 119
18, 118
18, 118
18, 118
18, 117
18, 118
18, 118
18, 117
18, 116
18, 117
18, 113
18, 113
18, 112
18, 111
18, 108
18, 107
18, 107
18, 107
18, 107
18, 107
18, 106
18, 105
18, 105
18, 103
18, 104
18, 103
18, 105
18, 107
18, 107
18, 108
18, 108
18, 108
18, 108
18, 109
18, 107
18, 106
18, 105
18, 105
18, 105
18, 107
18, 109
18, 110
18, 110
18, 112
18, 112
18, 112
18, 111
18, 111
18, 110
18, 110
18, 110
18, 109
18, 108
18, 108
18, 108
18, 107
18, 106
18, 105
18, 106
18, 107
18, 105
18, 105
18, 105
18, 105
18, 104
18, 103
18, 102
18, 100
18, 99
18, 99
18, 98
18, 100
18, 101
18, 101
18, 101
18, 101
18, 101
18, 101
18, 102
18, 102
18, 104
18, 103
18, 103
18, 102
18, 102
18, 102
18, 101
18, 101
18, 102
18, 103
18, 103
18, 103
18, 103
18, 106
18, 105
18, 105
18, 104
18, 104
18, 104
18, 104
18, 104
18, 106
18, 106
18, 106
18, 106
18, 103
18, 103
18, 104
18, 104
18, 104
18, 106
18, 105
18, 104
18, 104
18, 104
18, 102
18, 102
18, 101
18, 98
18, 98
18, 97
18, 96
18, 95
18, 94
18, 93
18, 91
18, 91
18, 90
18, 90
18, 90
18, 89
18, 88
18, 88
17, 86
17, 83
17, 82
17, 81
17, 82
17, 80
17, 80
17, 79
17, 80
17, 81
17, 83
17, 85
17, 86
17, 88
17, 90
17, 91
17, 90
17, 88
17, 88
17, 87
17, 86
17, 87
17, 87
17, 86
17, 85
17, 86
17, 86
17, 87
17, 86
17, 85
17, 82
17, 82
17, 82
17, 83
17, 84
17, 83
17, 83
17, 83
17, 81
17, 82
17, 82
17, 83
17, 84
17, 84
17, 84
17, 83
17, 82
17, 82
17, 81
17, 80
17, 80
17, 79
17, 79
17, 79
17, 79
17, 79
17, 79
17, 79
17, 79
17, 78
17, 77
17, 77
17, 77
17, 77
17, 77
17, 75
17, 75
17, 75
17, 75
17, 77
17, 78
17, 78
17, 78
17, 78
17, 77
17, 76
17, 76
17, 74
17, 74
17, 73
17, 72
17, 72
17, 72
17, 72
17, 71
17, 71
17, 71
17, 72
17, 74
17, 75
17, 76
17, 76
17, 76
17, 77
17, 77
17, 77
17, 77
17, 78
17, 78
17, 78
17, 75
17, 74
17, 72
17, 72
17, 74
17, 74
17, 74
17, 75
17, 75
17, 75
17, 76
17, 76
17, 74
17, 73
17, 72
17, 72
17, 72
17, 73
17, 74
17, 74
17, 73
17, 72
17, 72
17, 72
17, 72
17, 75
17, 75
17, 75
17, 75
17, 73
17, 72
17, 74
17, 74
17, 76
17, 77
17, 78
17, 78
17, 78
17, 78
17, 78
17, 78
17, 78
17, 78
17, 80
17, 82
17, 84
17, 86
17, 86
17, 87
17, 87
17, 87
17, 87
17, 87
17, 89
17, 89
16, 89
16, 89
16, 89
16, 89
16, 89
16, 91
16, 90
16, 90
16, 90
16, 90
16, 90
16, 90
16, 89
16, 88
16, 88
16, 88
16, 89
16, 89
16, 90
16, 89
16, 89
16, 89
16, 89
16, 88
16, 87
16, 87
16, 86
16, 84
16, 84
16, 82
16, 82
16, 81
16, 81
16, 81
16, 82
16, 82
16, 82
15, 82
15, 82
15, 82
15, 82
15, 82
15, 82
15, 82
15, 82
15, 81
15, 80
15, 82
15, 83
15, 84
15, 84
15, 84
15, 85
15, 86
15, 86
15, 86
15, 86
15, 87
15, 87
15, 87
15, 90
15, 92
15, 92
15, 92
15, 91
16, 91
17, 91
18, 91
20, 91
20, 90
20, 90
20, 89
20, 90
20, 89
20, 89
20, 89
20, 91
20, 91
20, 91
20, 89
20, 89
20, 88
20, 86
20, 86
20, 85
20, 85
20, 86
20, 85
20, 84
20, 83
20, 83
20, 84
20, 82
20, 82
20, 82
20, 83
20, 82
20, 82
20, 82
20, 84
20, 84
20, 85
20, 85
20, 85
20, 85
20, 84
20, 84
20, 83
20, 83
20, 83
20, 83
20, 83
20, 82
20, 82
20, 80
20, 80
20, 80
20, 79
20, 81
20, 82
22, 81
24, 81
24, 82
25, 82
25, 82
25, 81
25, 82
25, 84
25, 86
25, 86
25, 85
25, 86
25, 87
25, 86
25, 86
25, 86
25, 86
25, 86
25, 85
25, 86
25, 87
25, 88
25, 91
25, 93
25, 92
25, 93
25, 96
25, 99
25, 100
25, 100
25, 101
25, 101
25, 99
25, 101
25, 101
25, 102
25, 104
25, 105
25, 110
25, 111
25, 113
25, 115
25, 118
25, 119
25, 121
25, 121
25, 121
25, 118
25, 120
25, 123
25, 125
25, 127
25, 127
25, 127
25, 127
25, 127
25, 127
25, 127
25, 127
25, 127
25, 129
25, 128
25, 128
25, 128
25, 128
25, 128
25, 130
25, 130
25, 130
25, 130
25, 130
25, 130
25, 129
25, 129
25, 129
25, 129
25, 129
25, 130
25, 130
25, 130
25, 130
25, 128
25, 126
25, 125
25, 125
25, 125
25, 127
25, 127
25, 128
25, 126
25, 126
25, 126
25, 127
25, 126
25, 126
25, 125
25, 126
25, 125
25, 124
25, 121
25, 119
25, 119
25, 118
25, 121
25, 121
25, 121
25, 121
25, 121
25, 121
25, 121
25, 120
25, 118
25, 117
25, 115
25, 113
25, 115
25, 116
25, 115
26, 111
26, 108
27, 108
27, 107
27, 106
27, 107
27, 107
27, 104
27, 102
27, 100
27, 98
27, 95
27, 94
27, 93
27, 91
27, 88
27, 88
27, 87
27, 87
27, 87
27, 87
27, 85
27, 83
27, 81
27, 80
27, 79
27, 78
27, 78
27, 76
27, 76
27, 75
27, 75
27, 75
27, 74
27, 74
27, 74
27, 74
27, 74
27, 73
27, 71
27, 71
27, 71
27, 70
27, 70
27, 71
27, 73
27, 76
27, 78
27, 81
27, 84
27, 85
27, 86
27, 87
27, 89
27, 90
27, 90
27, 90
27, 89
27, 89
27, 88
27, 88
28, 87
28, 87
28, 87
28, 85
28, 83
28, 83
28, 83
28, 83
28, 83
28, 83
28, 83
28, 83
28, 82
28, 82
28, 81
28, 79
28, 78
28, 78
28, 78
28, 78
28, 78
28, 77
28, 78
28, 81
28, 83
28, 83
28, 84
28, 83
28, 82
28, 82
28, 82
28, 81
28, 81
28, 81
28, 79
28, 79
28, 79
29, 79
29, 77
29, 77
29, 77
29, 78
29, 78
29, 78
29, 78
29, 77
29, 77
29, 77
29, 77
29, 77
29, 77
29, 76
29, 75
29, 75
29, 75
29, 75
29, 77
29, 78
29, 79
29, 81
29, 82
29, 82
29, 82
29, 82
29, 82
29, 81
29, 81
29, 81
29, 81
29, 81
29, 80
29, 80
29, 79
29, 79
29, 76
29, 74
29, 72
29, 69
29, 65
29, 64
29, 62
29, 61
29, 59
29, 57
29, 56
29, 56
29, 54
29, 54
29, 54
29, 54
29, 54
29, 54
29, 54
29, 54
29, 55
29, 56
29, 56
29, 56
29, 56
29, 56
29, 55
29, 55
29, 54
29, 54
29, 55
29, 55
29, 55
29, 55
29, 55
29, 55
29, 55
29, 55
29, 55
29, 56
29, 54
29, 53
29, 53
29, 52
29, 52
29, 51
29, 51
29, 51
29, 51
29, 51
29, 51
29, 52
29, 54
29, 55
29, 57
29, 58
29, 58
29, 58
29, 59
29, 61
29, 65
29, 66
29, 68
29, 69
29, 69
29, 69
29, 70
29, 70
29, 71
29, 71
29, 74
29, 77
29, 79
29, 81
29, 82
29, 84
29, 84
29, 84
29, 85
29, 85
28, 85
28, 85
28, 85
28, 85
28, 85
28, 85
28, 85
28, 85
28, 85
28, 85
28, 85
28, 86
28, 85
28, 85
28, 85
28, 86
28, 86
28, 86
28, 86
28, 86
28, 89
28, 88
28, 87
28, 86
28, 86
28, 85
28, 85
28, 85
28, 85
28, 83
28, 83
28, 83
28, 82
28, 82
28, 82
28, 82
28, 82
28, 82
28, 84
28, 87
28, 89
28, 88
28, 88
28, 87
28, 87
28, 87
28, 87
28, 87
28, 87
28, 86
28, 85
28, 85
29, 83
29, 83
29, 83
29, 84
29, 86
29, 87
29, 88
29, 87
29, 87
29, 87
29, 87
29, 86
29, 86
30, 84
30, 85
30, 86
30, 87
30, 86
30, 85
30, 83
30, 83
30, 81
30, 79
30, 79
30, 79
30, 79
30, 78
30, 78
29, 76
29, 75
29, 73
29, 71
29, 70
29, 69
29, 67
29, 67
29, 68
29, 68
29, 68
29, 68
29, 70
29, 70
29, 70
29, 70
29, 70
29, 70
29, 70
29, 70
29, 70
29, 69
29, 67
29, 66
29, 66
29, 66
29, 66
29, 66
29, 66
29, 65
29, 65
29, 66
29, 66
29, 66
29, 66
29, 65
29, 66
29, 66
29, 66
29, 66
29, 66
29, 66
28, 67
28, 68
28, 66
28, 66
28, 65
28, 65
28, 65
28, 65
28, 63
28, 61
28, 61
29, 62
29, 62
29, 62
29, 62
29, 63
29, 64
28, 66
28, 65
30, 65
31, 65
31, 65
31, 65
31, 65
31, 64
30, 64
30, 63
30, 63
30, 65
30, 65
30, 65
30, 65
30, 64
30, 64
30, 64
30, 63
30, 62
30, 61
30, 61
30, 61
30, 61
30, 60
30, 60
30, 60
30, 59
30, 58
30, 58
30, 58
30, 59
30, 59
30, 58
30, 57
30, 57
30, 57
30, 56
30, 55
30, 55
30, 52
30, 53
30, 54
30, 54
30, 53
30, 53
30, 53
30, 53
30, 53
30, 53
30, 53
30, 53
30, 53
30, 55
30, 55
30, 55
30, 54
30, 54
30, 52
30, 52
30, 52
30, 53
30, 53
30, 54
30, 54
30, 54
30, 54
30, 53
30, 52
30, 52
30, 52
30, 52
30, 52
30, 52
30, 52
30, 52
30, 52
30, 52
30, 52
30, 52
30, 52
30, 52
30, 52
30, 51
30, 51
30, 50
30, 50
30, 50
30, 50
30, 51
30, 49
30, 48
30, 48
30, 48
30, 48
30, 48
30, 48
30, 47
30, 47
30, 47
30, 48
30, 49
30, 49
30, 50
30, 50
30, 50
30, 50
30, 50
30, 50
30, 51
30, 52
30, 52
30, 53
30, 53
30, 54
30, 54
30, 55
30, 56
30, 56
30, 56
30, 55
30, 55
30, 54
30, 54
30, 54
30, 54
30, 54
30, 52
30, 53
30, 54
30, 53
30, 53
30, 51
30, 51
30, 51
30, 51
30, 51
30, 52
30, 52
30, 52
30, 52
30, 52
30, 53
30, 52
30, 51
30, 51
30, 50
30, 50
30, 50
30, 50
30, 52
30, 52
30, 52
30, 52
30, 52
30, 52
30, 52
30, 52
30, 52
30, 52
30, 52
30, 51
30, 51
30, 51
30, 51
30, 52
30, 52
30, 52
30, 52
30, 51
31, 51
31, 50
31, 50
31, 49
31, 49
31, 50
31, 51
31, 50
31, 52
31, 52
31, 52
31, 52
31, 51
31, 51
31, 50
31, 50
31, 49
31, 49
31, 48
31, 48
31, 48
31, 47
31, 46
31, 45
31, 45
31, 45
31, 45
31, 44
31, 44
31, 44
31, 43
31, 43
31, 44
31, 45
31, 45
31, 45
31, 47
31, 48
31, 47
31, 47
31, 46
31, 46
31, 46
31, 45
31, 45
31, 45
31, 45
31, 44
31, 44
31, 44
31, 43
31, 43
31, 43
31, 43
31, 43
31, 43
31, 43
31, 43
31, 42
31, 42
31, 42
31, 42
30, 42
30, 41
30, 41
30, 42
30, 44
30, 44
30, 43
30, 43
30, 43
30, 42
30, 42
30, 42
30, 43
30, 45
30, 46
30, 46
30, 46
30, 46
30, 46
30, 46
30, 46
30, 46
30, 45
29, 45
29, 45
29, 44
29, 44
29, 44
29, 44
29, 44
29, 44
29, 44
29, 44
29, 44
29, 43
29, 42
29, 42
29, 41
29, 41
29, 41
29, 41
29, 39
29, 40
29, 40
29, 40
29, 40
29, 40
29, 40
29, 40
29, 40
29, 40
29, 40
29, 40
29, 39
29, 39
29, 39
29, 40
29, 40
29, 40
29, 40
29, 40
29, 39
29, 38
29, 38
29, 38
29, 38
29, 37
29, 37
29, 37
29, 37
29, 38
29, 38
29, 37
29, 37
29, 37
29, 37
29, 37
29, 37
29, 37
29, 37
29, 37
29, 37
29, 38
29, 40
29, 42
29, 44
29, 44
29, 44
29, 44
29, 45
29, 45
29, 45
29, 45
29, 45
29, 43
29, 42
29, 42
29, 41
29, 41
29, 42
29, 42
29, 42
29, 42
29, 43
29, 43
29, 43
29, 42
29, 42
29, 42
29, 42
29, 42
29, 42
29, 42
29, 42
29, 42
29, 42
29, 43
29, 43
29, 43
29, 43
29, 45
29, 47
29, 47
29, 48
29, 47
29, 49
29, 49
29, 48
29, 47
29, 47
29, 47
29, 47
29, 47
29, 46
29, 46
29, 46
29, 47
29, 47
29, 47
29, 46
29, 46
29, 47
29, 47
29, 47
29, 47
29, 47
29, 47
29, 47
29, 47
29, 47
29, 47
28, 47
28, 47
28, 47
28, 47
28, 47
28, 46
28, 46
28, 46
28, 45
28, 45
28, 45
28, 45
28, 46
28, 46
28, 45
27, 44
27, 43
27, 43
27, 43
27, 42
27, 42
27, 42
27, 42
27, 40
27, 39
27, 39
27, 39
27, 38
27, 38
27, 37
27, 37
27, 37
27, 38
27, 39
27, 39
27, 39
27, 39
27, 39
27, 39
27, 38
27, 38
27, 38
27, 38
27, 38
27, 38
27, 38
27, 38
27, 37
27, 37
27, 36
27, 36
27, 36
27, 35
27, 35
27, 35
27, 35
27, 34
27, 34
27, 34
27, 34
27, 34
27, 34
27, 34
27, 33
27, 32
27, 30
27, 30
27, 30
27, 30
27, 30
27, 31
27, 31
27, 31
27, 31
27, 31
27, 31
27, 31
27, 31
27, 31
27, 31
27, 30
27, 30
27, 30
27, 30
27, 30
27, 30
27, 30
27, 30
27, 30
27, 30
27, 30
27, 30
27, 30
27, 30
27, 30
28, 30
29, 30
29, 30
29, 30
29, 30
29, 30
29, 30
28, 29
28, 29
28, 29
28, 31
28, 30
28, 31
28, 33
28, 35
28, 35
28, 35
28, 35
28, 35
28, 35
28, 36
28, 36
28, 36
28, 36
28, 35
28, 35
28, 35
28, 35
28, 35
28, 35
28, 32
28, 32
28, 32
28, 31
28, 31
28, 32
28, 34
28, 36
28, 38
28, 40
28, 42
28, 44
28, 47
28, 49
28, 51
28, 53
28, 55
28, 57
28, 59
28, 61
28, 63
28, 63
28, 63
28, 63
28, 63
28, 63
28, 65
28, 65
28, 65
28, 65
28, 65
26, 66
26, 66
26, 65
26, 65
26, 65
26, 65
26, 65
26, 65
26, 65
26, 65
26, 65
26, 65
26, 65
26, 66
26, 67
26, 67
26, 67
26, 68
26, 67
26, 67
26, 67
27, 67
28, 67
30, 66
32, 64
32, 65
32, 65
32, 65
32, 65
32, 65
32, 65
32, 65
32, 65
32, 65
32, 65
32, 65
32, 65
32, 65
32, 65
32, 64
32, 65
32, 64
32, 64
32, 66
32, 66
32, 66
32, 66
32, 67
32, 67
32, 67
32, 67
32, 68
32, 68
32, 68
32, 68
32, 68
32, 68
32, 68
32, 68
32, 68
32, 68
32, 68
32, 68
32, 67
32, 67
32, 67
32, 66
32, 65
32, 65
32, 64
32, 62
32, 59
32, 58
32, 57
32, 55
32, 53
32, 51
32, 50
32, 48
32, 46
32, 45
32, 44
32, 44
32, 44
32, 44
32, 44
32, 43
32, 42
32, 42
32, 42
32, 42
32, 42
32, 42
32, 42
32, 43
32, 43
32, 43
32, 43
32, 43
32, 43
32, 42
32, 42
32, 43
32, 45
32, 45
32, 44
32, 44
32, 44
32, 43
32, 45
32, 46
32, 47
32, 48
32, 48
32, 48
32, 48
32, 48
32, 48
32, 49
32, 48
32, 48
32, 48
32, 48
32, 48
32, 48
31, 48
31, 49
31, 49
31, 49
31, 49
31, 49
31, 49
31, 51
31, 50
31, 48
31, 48
31, 48
31, 48
31, 48
31, 50
31, 49
31, 49
31, 48
31, 48
31, 47
31, 47
31, 48
31, 48
31, 48
31, 48
31, 48
31, 48
31, 49
31, 50
31, 48
31, 47
31, 47
31, 48
31, 48
31, 48
31, 48
31, 48
31, 47
31, 47
31, 47
31, 46
31, 46
31, 46
31, 48
31, 48
31, 48
31, 48
31, 49
31, 49
31, 49
31, 49
31, 49
31, 50
31, 51
31, 51
31, 51
31, 51
31, 51
31, 51
31, 51
31, 52
31, 52
31, 52
31, 52
31, 52
31, 52
31, 52
30, 52
30, 52
30, 51
30, 53
30, 53
30, 54
30, 55
30, 55
30, 54
30, 53
30, 52
30, 53
30, 53
30, 53
30, 53
30, 53
30, 53
30, 52
30, 52
30, 52
30, 52
30, 52
30, 52
30, 55
30, 55
30, 56
30, 56
30, 56
30, 56
30, 56
30, 56
30, 53
30, 53
30, 53
30, 53
30, 53
30, 53
30, 54
30, 52
30, 52
30, 52
30, 52
30, 52
30, 53
30, 54
30, 53
30, 53
30, 53
30, 53
30, 52
30, 53
30, 52
30, 52
30, 51
30, 51
30, 51
30, 51
30, 51
30, 50
30, 50
30, 50
30, 50
30, 50
30, 50
30, 51
30, 51
30, 51
30, 49
30, 49
30, 49
30, 49
30, 49
30, 51
30, 51
30, 51
30, 51
30, 51
30, 51
30, 51
30, 51
30, 51
30, 52
30, 53
30, 53
30, 52
30, 52
30, 52
30, 51
30, 51
30, 51
30, 51
30, 51
30, 51
30, 51
30, 51
30, 51
29, 51
29, 51
29, 51
29, 51
29, 51
29, 52
29, 52
29, 52
29, 52
29, 52
29, 52
29, 53
29, 53
29, 53
29, 54
29, 56
29, 56
29, 58
29, 58
29, 58
29, 57
29, 57
29, 57
29, 57
29, 57
29, 57
29, 56
29, 56
29, 56
29, 57
29, 58
29, 59
29, 61
29, 63
28, 65
28, 69
28, 71
28, 70
28, 70
28, 69
28, 69
28, 69
28, 70
28, 70
28, 71
28, 72
28, 71
28, 71
28, 72
28, 72
28, 72
28, 71
28, 71
28, 71
28, 71
28, 70
28, 69
27, 68
27, 66
27, 65
27, 65
27, 64
27, 62
27, 61
27, 61
27, 61
27, 61
27, 60
27, 58
27, 60
27, 61
27, 59
27, 59
27, 59
27, 60
26, 61
26, 60
26, 59
26, 59
26, 59
26, 60
26, 60
26, 60
26, 60
26, 60
26, 60
26, 59
26, 59
26, 60
26, 60
26, 60
26, 60
26, 60
26, 62
26, 64
26, 63
26, 61
26, 60
26, 60
26, 60
26, 59
26, 59
26, 60
26, 62
26, 64
26, 64
26, 62
26, 62
26, 62
26, 63
26, 64
26, 64
26, 64
26, 63
26, 63
26, 62
26, 62
26, 62
26, 61
26, 61
26, 61
26, 60
26, 62
26, 63
26, 63
26, 62
26, 61
26, 62
26, 64
26, 64
26, 63
26, 63
26, 63
26, 63
26, 63
26, 63
26, 63
26, 62
26, 61
26, 60
26, 60
26, 59
26, 59
26, 59
26, 59
26, 59
26, 59
26, 59
26, 58
26, 58
26, 59
26, 60
26, 60
26, 60
26, 59
26, 58
26, 57
25, 57
25, 57
25, 57
25, 57
25, 57
25, 57
25, 57
25, 58
25, 58
25, 58
25, 58
25, 59
25, 59
25, 59
25, 58
25, 58
25, 58
25, 58
25, 58
25, 56
25, 56
25, 56
25, 56
25, 56
25, 56
25, 56
25, 57
25, 57
25, 57
25, 57
25, 57
25, 57
25, 57
25, 57
25, 57
25, 57
25, 57
25, 56
25, 55
25, 54
25, 53
25, 53
25, 53
25, 53
25, 52
25, 52
25, 53
25, 53
25, 53
25, 53
25, 53
25, 52
25, 52
25, 52
25, 52
25, 52
25, 50
25, 50
25, 50
25, 50
25, 50
25, 50
25, 50
25, 51
25, 51
25, 51
25, 51
25, 51
25, 51
24, 51
24, 51
24, 51
24, 52
24, 52
24, 52
24, 53
24, 53
24, 51
24, 50
24, 50
24, 51
24, 51
24, 52
24, 52
24, 52
24, 53
24, 52
24, 52
24, 52
24, 52
24, 52
24, 52
24, 52
24, 52
24, 54
24, 59
24, 59
24, 59
24, 58
24, 57
24, 57
24, 57
24, 57
24, 58
24, 58
24, 58
23, 58
23, 58
22, 60
22, 59
22, 59
22, 59
22, 59
22, 59
22, 59
22, 58
22, 60
22, 60
22, 62
22, 65
22, 69
22, 69
22, 69
21, 69
21, 69
21, 69
21, 70
21, 71
21, 72
21, 72
21, 72
21, 72
20, 73
20, 74
20, 76
20, 77
20, 77
20, 79
20, 79
20, 80
20, 79
20, 79
20, 80
20, 80
20, 80
20, 77
20, 75
20, 76
20, 76
20, 76
20, 76
20, 77
20, 77
20, 77
20, 79
20, 79
20, 79
20, 79
20, 79
20, 81
20, 84
20, 86
20, 88
20, 89
20, 90
20, 93
20, 96
20, 98
20, 99
20, 103
20, 105
20, 107
20, 111
20, 112
20, 116
20, 118
20, 120
20, 123
20, 125
20, 128
20, 126
20, 125
20, 125
20, 125
20, 125
20, 127
20, 124
20, 123
20, 123
20, 124
20, 125
20, 128
20, 127
20, 127
20, 126
20, 127
20, 127
20, 127
20, 127
20, 126
20, 126
20, 126
20, 126
20, 127
20, 127
20, 128
20, 128
20, 127
20, 128
20, 126
20, 125
20, 124
20, 124
20, 124
20, 125
20, 127
20, 128
20, 131
20, 135
20, 136
20, 136
20, 136
20, 136
20, 136
20, 135
20, 134
20, 133
20, 132
20, 131
20, 131
20, 131
20, 131
20, 131
20, 131
20, 131
20, 129
20, 129
20, 130
20, 129
20, 129
20, 129
20, 129
20, 128
19, 128
19, 127
19, 124
19, 123
19, 121
19, 121
19, 121
19, 121
19, 121
19, 120
19, 118
19, 116
19, 114
19, 112
19, 109
20, 111
20, 109
20, 107
20, 107
20, 105
20, 102
20, 102
20, 100
20, 101
20, 99
20, 97
21, 95
21, 94
21, 94
21, 94
21, 95
21, 95
21, 95
21, 96
21, 97
21, 96
21, 94
21, 95
21, 94
21, 92
21, 92
22, 89
22, 88
22, 88
22, 88
22, 88
22, 86
22, 86
22, 86
22, 86
22, 87
22, 87
22, 88
22, 88
22, 88
22, 88
22, 87
22, 87
22, 87
22, 87
21, 85
21, 85
21, 86
22, 85
22, 83
22, 80
22, 78
22, 78
23, 78
23, 80
23, 82
23, 84
23, 82
23, 83
23, 83
23, 83
23, 83
23, 84
23, 83
23, 81
23, 80
23, 80
23, 80
23, 80
23, 79
23, 80
23, 79
23, 79
23, 78
23, 78
23, 77
23, 77
23, 77
24, 76
24, 78
24, 80
24, 83
24, 85
24, 87
24, 88
24, 90
24, 91
24, 91
24, 87
24, 84
24, 80
24, 77
24, 75
24, 74
24, 72
24, 72
24, 72
24, 72
24, 71
24, 70
24, 69
24, 69
24, 69
24, 68
24, 67
24, 67
24, 67
24, 67
24, 69
24, 68
24, 68
24, 67
24, 66
24, 65
24, 64
24, 64
24, 65
24, 66
24, 65
24, 66
24, 66
24, 66
24, 66
24, 65
24, 65
24, 65
24, 64
24, 65
24, 64
24, 65
24, 68
24, 71
24, 72
24, 72
24, 72
24, 72
24, 72
24, 72
24, 72
24, 72
24, 73
24, 74
24, 74
24, 74
24, 73
24, 73
24, 76
24, 79
25, 83
25, 84
25, 84
25, 83
25, 84
25, 83
25, 83
25, 83
25, 83
25, 83
25, 83
25, 84
25, 84
25, 84
25, 83
25, 84
25, 84
25, 86
25, 85
25, 85
25, 85
25, 84
25, 82
25, 82
25, 82
25, 81
25, 82
25, 83
25, 83
25, 83
25, 83
25, 83
26, 83
26, 83
26, 84
26, 83
26, 83
26, 83
26, 84
26, 83
26, 83
26, 83
26, 81
26, 81
26, 81
26, 80
26, 80
26, 82
26, 82
26, 82
26, 82
26, 80
26, 81
26, 81
26, 81
26, 81
26, 83
27, 83
27, 83
27, 83
27, 83
27, 83
27, 82
27, 80
27, 80
27, 81
27, 81
27, 82
27, 82
27, 81
27, 80
27, 80
27, 80
27, 76
27, 76
27, 76
27, 76
27, 76
27, 76
27, 77
27, 77
27, 78
27, 78
27, 78
27, 78
27, 78
27, 77
27, 76
27, 75
27, 75
27, 72
27, 72
27, 72
27, 73
27, 73
27, 73
27, 73
27, 73
27, 73
27, 72
27, 72
27, 71
27, 71
27, 71
27, 71
27, 71
27, 71
27, 72
27, 72
27, 77
27, 79
27, 81
27, 83
27, 84
27, 85
27, 87
27, 88
27, 88
27, 87
27, 85
27, 84
27, 84
27, 81
27, 81
27, 78
27, 77
27, 77
27, 78
27, 78
27, 80
27, 78
27, 78
27, 77
27, 77
27, 77
27, 76
28, 76
28, 77
29, 76
31, 76
33, 76
35, 75
35, 74
35, 74
35, 74
35, 73
35, 73
35, 72
36, 72
36, 72
36, 72
36, 72
36, 71
36, 73
36, 73
36, 73
36, 73
37, 73
37, 73
37, 72
38, 72
38, 71
38, 71
38, 71
38, 71
38, 71
38, 71
38, 73
38, 74
38, 74
38, 75
38, 76
38, 73
38, 73
38, 72
38, 72
38, 72
38, 72
38, 72
38, 72
38, 72
38, 72
38, 72
38, 72
38, 71
38, 71
38, 71
38, 71
38, 72
38, 71
38, 71
38, 71
38, 71
38, 69
38, 69
38, 69
38, 70
38, 70
38, 70
38, 69
38, 71
38, 71
38, 70
38, 69
38, 68
38, 68
38, 68
38, 68
38, 68
38, 68
38, 68
38, 68
38, 68
38, 68
38, 69
38, 69
38, 68
38, 70
38, 70
38, 69
38, 69
38, 69
38, 69
38, 68
38, 67
38, 66
38, 67
38, 67
38, 67
38, 67
38, 66
38, 66
38, 66
38, 66
38, 66
38, 66
38, 67
38, 68
38, 68
38, 68
38, 68
38, 68
38, 68
38, 67
38, 66
38, 66
38, 67
38, 66
38, 67
38, 68
38, 67
38, 67
38, 66
38, 66
38, 66
38, 65
38, 65
38, 64
38, 62
38, 63
38, 63
38, 63
38, 63
38, 63
38, 63
38, 63
38, 63
38, 61
38, 62
38, 64
38, 66
38, 67
38, 66
38, 66
38, 67
38, 67
38, 67
38, 68
38, 67
38, 65
38, 65
38, 66
37, 67
37, 67
37, 67
37, 69
37, 71
37, 70
37, 71
37, 73
37, 75
37, 74
37, 74
37, 73
37, 73
37, 73
37, 73
37, 73
37, 73
37, 73
37, 73
37, 73
37, 73
37, 73
37, 72
37, 70
37, 70
37, 70
37, 69
37, 68
37, 68
37, 68
37, 67
37, 66
37, 65
37, 64
38, 64
38, 62
38, 62
38, 62
38, 62
38, 62
38, 62
38, 62
38, 62
38, 60
38, 60
38, 60
38, 59
38, 59
38, 59
38, 59
38, 58
38, 58
39, 57
39, 57
39, 57
39, 57
39, 57
39, 56
39, 55
39, 54
39, 54
39, 54
39, 54
39, 53
39, 52
40, 52
40, 52
40, 52
40, 48
40, 48
40, 48
40, 47
40, 46
40, 46
40, 47
40, 47
40, 47
40, 47
40, 47
40, 45
41, 45
41, 45
41, 45
41, 44
41, 45
41, 44
41, 44
42, 44
42, 43
42, 43
42, 41
42, 40
42, 40
42, 40
42, 40
42, 38
42, 38
42, 38
42, 38
42, 36
42, 36
42, 36
42, 36
42, 36
42, 36
42, 36
42, 35
43, 35
43, 34
43, 34
43, 34
43, 34
43, 34
43, 34
43, 34
43, 34
43, 34
43, 34
43, 35
43, 35
43, 34
43, 35
43, 36
43, 36
42, 36
42, 36
42, 36
42, 36
42, 35
42, 34
42, 34
42, 34
42, 33
42, 33
42, 33
42, 33
42, 33
42, 34
42, 34
43, 35
43, 34
43, 36
43, 38
43, 38
43, 38
43, 38
43, 39
43, 40
43, 40
43, 40
43, 40
43, 40
43, 40
43, 40
43, 40
43, 39
43, 39
43, 39
43, 40
43, 40
43, 40
43, 40
43, 39
43, 39
43, 39
43, 38
43, 38
43, 38
43, 38
43, 38
43, 38
43, 38
43, 38
43, 38
43, 38
43, 38
43, 38
43, 37
43, 37
43, 37
43, 35
43, 35
43, 35
43, 35
43, 35
43, 36
43, 36
43, 36
43, 35
43, 35
43, 35
43, 34
43, 34
43, 35
43, 37
43, 39
43, 41
43, 43
43, 45
43, 45
43, 44
43, 44
43, 44
43, 44
43, 43
43, 43
43, 43
43, 43
43, 43
43, 43
43, 43
43, 43
43, 42
43, 42
43, 42
43, 41
43, 41
43, 41
43, 41
43, 41
44, 40
44, 40
44, 40
44, 43
44, 45
44, 47
44, 48
44, 48
44, 47
44, 47
44, 47
44, 46
44, 44
44, 44
44, 44
44, 44
44, 44
44, 43
44, 43
45, 43
45, 43
45, 43
45, 44
45, 45
45, 45
45, 45
45, 46
45, 46
45, 45
45, 45
45, 45
45, 45
45, 45
45, 45
45, 45
45, 43
45, 43
45, 43
45, 42
45, 42
45, 44
45, 43
45, 43
45, 43
45, 43
45, 44
45, 45
45, 45
46, 44
46, 43
46, 45
46, 46
46, 47
46, 47
46, 47
46, 48
46, 48
46, 48
46, 49
46, 50
46, 51
46, 51
46, 51
46, 51
46, 51
46, 51
46, 51
46, 51
46, 50
46, 48
46, 49
45, 49
45, 49
45, 49
45, 47
45, 47
44, 47
44, 47
44, 47
44, 47
44, 46
44, 49
44, 49
44, 49
44, 50
44, 53
44, 53
44, 53
44, 53
44, 53
44, 56
44, 59
44, 61
44, 61
44, 59
43, 60
43, 59
43, 58
43, 58
43, 58
43, 58
43, 58
43, 58
43, 56
43, 55
43, 55
43, 56
43, 57
43, 57
43, 56
43, 57
43, 58
43, 58
43, 59
43, 59
43, 58
43, 56
43, 53
43, 52
43, 52
43, 53
43, 54
43, 54
43, 54
43, 54
43, 56
43, 56
43, 54
43, 54
43, 54
43, 54
43, 53
43, 54
43, 55
43, 56
43, 55
43, 56
43, 56
43, 56
44, 55
44, 55
44, 55
44, 55
44, 54
44, 53
44, 53
44, 53
45, 53
45, 53
45, 53
45, 53
45, 52
45, 52
45, 52
45, 52
45, 52
45, 52
45, 52
45, 52
45, 53
44, 53
44, 53
44, 54
44, 54
44, 54
44, 54
44, 54
44, 54
44, 56
44, 58
44, 57
44, 56
44, 57
44, 57
44, 57
44, 56
44, 58
43, 59
43, 60
43, 60
43, 60
43, 59
43, 60
43, 59
43, 59
43, 59
43, 60
43, 61
43, 60
43, 60
43, 60
43, 60
43, 61
43, 61
43, 62
43, 62
42, 62
42, 61
42, 61
42, 61
42, 61
42, 61
42, 60
43, 60
43, 60
43, 60
43, 61
43, 61
43, 61
43, 61
43, 61
43, 59
43, 59
43, 59
43, 59
43, 59
42, 59
42, 60
42, 60
42, 60
42, 60
42, 61
42, 62
41, 62
41, 62
41, 62
41, 62
41, 61
41, 61
41, 61
41, 62
41, 64
41, 65
41, 65
41, 66
41, 65
41, 65
41, 68
41, 71
41, 71
41, 71
41, 70
41, 70
41, 70
41, 70
41, 70
41, 70
41, 70
41, 70
41, 69
41, 68
41, 68
41, 70
41, 70
41, 71
41, 73
41, 71
41, 71
41, 71
41, 72
41, 72
41, 72
41, 71
41, 70
41, 70
41, 71
41, 70
41, 70
41, 69
41, 68
41, 68
41, 69
41, 68
41, 68
41, 69
41, 71
41, 71
41, 70
41, 69
41, 69
41, 68
41, 68
41, 67
41, 67
41, 67
41, 69
41, 70
41, 69
41, 69
42, 69
42, 69
42, 70
42, 70
42, 70
42, 69
42, 68
42, 69
42, 68
42, 68
42, 68
42, 70
42, 70
42, 69
42, 69
42, 71
42, 73
42, 75
43, 74
43, 73
43, 73
43, 73
43, 72
43, 72
42, 72
42, 71
42, 73
42, 73
42, 73
42, 73
42, 74
42, 74
42, 73
42, 71
42, 70
42, 70
42, 69
42, 67
42, 67
42, 66
42, 67
42, 68
42, 70
42, 70
42, 70
42, 70
42, 69
42, 69
42, 69
42, 69
42, 69
42, 68
42, 68
42, 67
42, 65
42, 65
42, 64
42, 63
42, 63
42, 62
42, 63
42, 61
42, 60
43, 60
45, 60
45, 60
45, 58
45, 58
45, 58
45, 58
45, 58
45, 57
45, 55
45, 55
45, 55
45, 55
45, 55
45, 54
45, 54
44, 52
44, 51
44, 50
44, 50
44, 49
44, 50
44, 50
44, 50
44, 49
45, 49
46, 49
48, 48
49, 47
49, 47
49, 46
49, 46
49, 46
49, 46
49, 46
49, 46
49, 45
50, 44
52, 44
54, 42
55, 42
55, 42
55, 41
55, 40
55, 39
55, 37
55, 37
55, 37
55, 37
55, 37
55, 37
55, 37
55, 39
55, 39
55, 36
55, 36
55, 36
55, 36
55, 38
55, 39
55, 40
55, 40
55, 40
55, 40
54, 40
54, 39
54, 40
54, 39
54, 38
54, 37
54, 37
54, 36
55, 36
55, 36
55, 36
55, 36
55, 36
55, 36
55, 35
55, 34
54, 34
54, 34
54, 34
54, 34
54, 34
54, 34
54, 34
54, 35
54, 36
54, 37
54, 37
54, 37
53, 37
53, 37
53, 37
53, 39
53, 41
53, 41
53, 41
53, 41
53, 41
53, 42
53, 42
53, 42
53, 42
53, 44
53, 43
53, 43
53, 43
53, 43
53, 43
53, 43
53, 44
53, 46
53, 48
53, 50
53, 52
53, 54
53, 56
52, 58
52, 58
51, 59
51, 59
51, 59
51, 59
53, 59
55, 58
57, 58
59, 58
60, 59
60, 61
60, 61
60, 61
60, 61
60, 61
60, 62
60, 62
60, 62
60, 63
60, 63
60, 63
60, 64
60, 64
60, 63
61, 63
61, 63
61, 62
61, 62
60, 65
60, 64
60, 63
60, 63
60, 65
60, 66
60, 68
60, 67
60, 68
60, 68
60, 67
60, 67
60, 67
60, 67
60, 67
60, 67
60, 67
60, 67
60, 66
60, 66
60, 67
60, 69
60, 69
60, 69
60, 69
60, 70
60, 70
60, 70
60, 71
60, 71
60, 71
60, 71
60, 71
60, 71
60, 73
61, 73
61, 74
61, 74
61, 73
61, 71
61, 71
61, 71
61, 71
61, 71
61, 72
61, 72
61, 72
61, 72
61, 72
61, 72
61, 72
61, 72
61, 72
61, 73
60, 75
60, 74
60, 74
60, 73
61, 70
61, 69
61, 68
61, 67
61, 65
61, 65
61, 66
61, 66
61, 66
61, 65
61, 65
61, 65
61, 65
61, 65
61, 64
61, 63
61, 63
61, 63
61, 62
61, 62
61, 60
61, 58
61, 58
61, 58
61, 58
61, 57
61, 58
61, 58
61, 57
61, 56
61, 56
61, 56
61, 55
61, 55
61, 54
61, 54
61, 54
61, 52
61, 51
61, 50
61, 50
61, 48
61, 48
61, 48
61, 48
61, 47
61, 48
61, 47
61, 45
61, 45
61, 45
61, 44
61, 43
61, 42
61, 41
61, 40
61, 40
61, 40
61, 40
61, 39
61, 39
61, 38
61, 37
61, 36
61, 36
62, 35
63, 36
64, 36
66, 37
68, 36
70, 36
72, 36
72, 36
72, 36
72, 35
71, 34
71, 35
71, 36
71, 36
71, 36
71, 36
71, 36
71, 36
71, 35
71, 35
71, 35
71, 35
71, 35
71, 35
71, 35
71, 35
72, 34
72, 33
72, 32
72, 32
72, 32
72, 32
72, 30
72, 30
72, 30
71, 29
71, 29
71, 29
71, 29
71, 28
71, 28
71, 28
71, 28
71, 28
71, 28
71, 28
71, 28
71, 27
71, 27
71, 27
71, 27
71, 28
71, 29
71, 30
71, 30
71, 31
71, 32
71, 32
71, 32
71, 32
71, 32
71, 35
71, 36
71, 38
71, 39
71, 39
71, 39
71, 40
71, 42
71, 42
71, 42
71, 43
71, 44
70, 43
70, 43
70, 43
70, 41
70, 41
70, 41
70, 41
70, 41
70, 41
70, 41
70, 41
70, 41
70, 43
70, 42
70, 43
70, 43
70, 43
70, 42
70, 42
70, 43
70, 42
70, 42
70, 42
70, 43
70, 44
70, 44
70, 44
70, 44
70, 42
70, 40
70, 39
70, 38
70, 38
70, 38
70, 38
70, 37
70, 37
70, 37
70, 37
70, 37
70, 37
70, 37
70, 37
70, 37
70, 37
70, 37
70, 37
70, 37
70, 36
70, 36
70, 36
69, 36
69, 36
69, 36
68, 36
68, 36
68, 36
68, 36
68, 36
68, 36
68, 36
68, 36
68, 35
68, 35
68, 36
68, 36
68, 35
68, 35
68, 35
68, 35
68, 34
68, 34
68, 34
68, 34
68, 34
68, 33
68, 33
68, 33
68, 33
68, 29
68, 27
68, 27
68, 26
68, 26
68, 26
68, 26
68, 26
67, 26
67, 26
67, 25
66, 25
66, 25
66, 25
66, 25
66, 25
66, 25
66, 25
66, 25
66, 25
66, 25
66, 25
66, 25
66, 25
66, 23
66, 23
66, 23
66, 23
66, 23
66, 23
66, 23
66, 23
66, 23
65, 23
65, 22
65, 22
65, 21
65, 20
65, 19
65, 19
66, 18
68, 17
68, 17
68, 17
68, 17
68, 17
68, 17
68, 17
68, 17
68, 17
68, 17
68, 17
68, 17
68, 16
68, 16
68, 16
68, 16
68, 17
68, 19
68, 19
68, 19
68, 18
68, 18
68, 18
68, 18
68, 18
69, 17
69, 17
69, 17
69, 17
69, 18
69, 18
69, 18
69, 18
69, 18
69, 18
69, 17
69, 17
69, 17
69, 17
69, 17
69, 17
69, 17
69, 17
69, 17
69, 17
69, 17
69, 16
69, 16
69, 16
69, 16
69, 16
69, 16
69, 16
69, 18
69, 18
69, 18
69, 18
69, 18
69, 18
69, 19
69, 19
69, 20
69, 21
69, 21
69, 21
69, 21
68, 22
68, 22
68, 22
68, 23
68, 24
68, 24
68, 24
68, 24
68, 25
68, 26
68, 26
67, 26
67, 26
67, 26
67, 26
67, 26
67, 26
67, 26
67, 26
67, 26
67, 26
67, 26
67, 27
67, 28
66, 28
66, 28
66, 28
66, 28
66, 28
66, 28
66, 28
66, 27
65, 27
65, 28
65, 28
65, 28
64, 28
63, 27
63, 27
63, 27
63, 27
63, 27
63, 27
63, 27
63, 27
63, 26
63, 26
63, 26
63, 26
63, 26
64, 26
64, 26
64, 26
64, 26
64, 26
64, 26
63, 26
63, 26
63, 26
63, 25
63, 25
62, 25
62, 24
62, 24
62, 24
62, 24
62, 24
62, 24
62, 24
62, 24
62, 24
62, 24
62, 24
62, 24
62, 23
62, 24
62, 24
62, 24
62, 24
62, 24
62, 24
62, 24
62, 24
62, 24
62, 23
62, 23
62, 24
62, 25
62, 25
62, 25
62, 26
62, 26
62, 26
62, 26
62, 25
62, 25
63, 25
63, 25
63, 25
63, 25
63, 25
63, 25
63, 25
63, 25
63, 25
63, 25
63, 25
63, 25
63, 25
63, 25
63, 25
63, 26
62, 26
61, 26
61, 25
62, 25
62, 25
62, 25
61, 25
61, 25
61, 25
61, 25
60, 25
60, 25
60, 27
60, 27
60, 27
60, 27
60, 27
60, 27
60, 27
60, 27
59, 27
59, 27
59, 27
59, 27
59, 27
59, 27
59, 27
58, 27
57, 27
57, 29
57, 30
57, 32
57, 34
57, 36
57, 37
57, 37
57, 37
57, 37
56, 36
56, 36
56, 36
56, 36
56, 36
56, 36
56, 37
56, 37
56, 39
56, 39
56, 39
56, 39
56, 39
56, 39
56, 39
56, 39
56, 39
56, 39
56, 38
56, 37
56, 37
56, 38
56, 38
56, 38
56, 38
56, 38
56, 38
56, 37
56, 36
56, 36
56, 36
56, 35
56, 35
56, 35
56, 35
56, 34
56, 35
56, 35
56, 35
56, 35
56, 35
56, 35
56, 35
56, 35
56, 35
56, 35
56, 34
56, 34
56, 34
56, 34
56, 34
56, 34
56, 33
56, 33
56, 33
56, 33
56, 33
56, 33
56, 33
56, 33
56, 33
56, 35
56, 39
56, 39
56, 37
56, 36
56, 37
56, 38
55, 38
55, 38
55, 38
55, 38
55, 38
55, 39
55, 38
55, 39
55, 39
55, 39
55, 39
55, 39
55, 39
55, 40
55, 39
55, 38
55, 38
55, 38
55, 38
54, 37
54, 37
54, 37
54, 37
54, 38
54, 38
54, 38
54, 37
54, 37
54, 37
54, 36
54, 36
54, 36
54, 37
54, 37
54, 37
54, 37
54, 37
54, 37
54, 37
53, 38
53, 38
53, 38
53, 38
53, 39
53, 38
53, 39
53, 39
53, 38
53, 38
53, 38
53, 38
52, 38
52, 38
52, 38
52, 38
52, 38
52, 38
52, 38
52, 38
52, 38
51, 37
51, 36
50, 36
50, 36
50, 36
50, 36
50, 36
49, 36
49, 36
48, 36
48, 37
47, 37
47, 37
49, 37
49, 37
49, 37
49, 37
48, 35
48, 35
47, 35
46, 35
45, 35
44, 34
44, 34
44, 35
44, 34
44, 34
43, 34
42, 34
42, 34
42, 35
42, 35
42, 37
42, 38
42, 38
42, 38
42, 38
42, 38
42, 38
42, 39
42, 39
42, 39
42, 38
42, 38
42, 38
42, 38
42, 38
40, 38
40, 38
40, 38
40, 40
40, 40
40, 42
40, 42
40, 41
40, 41
40, 40
40, 40
39, 41
39, 41
39, 41
39, 41
39, 42
38, 43
38, 43
38, 43
38, 43
38, 41
40, 40
42, 40
44, 38
46, 37
48, 37
48, 37
48, 39
48, 41
48, 42
48, 42
48, 43
48, 43
48, 43
48, 43
48, 43
48, 43
48, 43
48, 43
48, 42
48, 42
48, 42
48, 42
48, 42
48, 43
48, 43
48, 43
48, 42
48, 43
48, 43
48, 42
48, 42
48, 41
48, 41
48, 41
48, 42
48, 42
48, 43
48, 43
48, 45
48, 46
48, 46
48, 47
48, 47
48, 47
48, 47
48, 46
48, 46
48, 46
48, 45
48, 44
48, 44
48, 44
48, 44
48, 42
48, 42
48, 44
48, 43
48, 43
48, 43
48, 45
48, 47
48, 48
48, 50
48, 50
48, 50
48, 50
48, 49
48, 50
48, 52
48, 54
48, 53
48, 54
48, 54
48, 53
48, 52
48, 52
48, 52
48, 52
48, 52
48, 52
48, 53
48, 53
48, 53
48, 53
48, 53
48, 52
48, 52
48, 52
48, 52
48, 52
47, 52
47, 52
47, 52
47, 52
47, 52
47, 52
47, 52
46, 51
46, 50
46, 50
46, 50
46, 50
45, 50
45, 51
45, 51
45, 51
45, 50
45, 49
45, 48
45, 48
45, 49
45, 50
45, 50
45, 50
45, 50
45, 51
45, 51
45, 51
45, 51
45, 51
45, 51
45, 51
46, 51
47, 50
46, 50
46, 50
46, 50
46, 50
46, 49
46, 48
45, 48
45, 48
45, 48
45, 47
45, 46
45, 45
46, 44
46, 44
46, 44
46, 45
46, 45
46, 45
46, 45
46, 45
46, 45
46, 45
46, 45
46, 45
46, 45
46, 45
46, 43
46, 41
46, 41
46, 41
46, 41
46, 41
46, 41
46, 41
46, 41
46, 39
46, 39
46, 38
46, 38
46, 38
46, 38
46, 38
46, 37
46, 37
46, 37
46, 39
46, 39
46, 38
46, 39
46, 39
46, 39
46, 39
46, 39
46, 37
46, 37
47, 36
46, 35
46, 35
46, 35
46, 35
46, 35
46, 35
46, 34
46, 34
46, 34
46, 34
46, 33
46, 33
46, 34
46, 34
46, 32
46, 32
46, 32
46, 32
46, 31
46, 31
46, 31
46, 31
46, 31
46, 31
46, 31
46, 31
46, 31
46, 31
46, 31
46, 30
46, 30
46, 30
46, 29
46, 30
46, 30
46, 30
46, 30
46, 30
48, 31
48, 33
48, 34
48, 36
48, 38
48, 40
48, 40
48, 40
48, 40
48, 40
48, 40
48, 42
48, 42
48, 43
48, 45
48, 46
48, 45
48, 45
48, 45
48, 45
48, 45
48, 45
48, 45
48, 45
48, 45
48, 46
48, 46
48, 46
48, 46
48, 46
48, 46
48, 46
48, 46
48, 46
48, 47
48, 48
48, 48
48, 48
48, 49
48, 49
48, 49
48, 50
48, 51
48, 52
48, 52
48, 53
48, 53
48, 53
48, 54
48, 55
48, 55
48, 58
48, 58
47, 59
46, 59
46, 60
46, 60
46, 60
46, 60
46, 61
46, 63
45, 63
45, 63
44, 64
44, 65
44, 65
44, 67
44, 68
43, 72
43, 70
43, 70
43, 70
43, 69
43, 71
43, 71
43, 71
43, 70
43, 70
43, 69
43, 69
43, 69
43, 69
43, 68
43, 68
43, 68
43, 69
43, 69
43, 69
43, 68
43, 69
43, 70
43, 70
43, 71
43, 69
43, 71
43, 70
43, 70
43, 70
43, 72
43, 72
43, 72
43, 72
43, 72
43, 73
43, 74
43, 74
43, 74
43, 74
43, 77
43, 75
43, 75
43, 75
43, 75
42, 76
42, 77
42, 76
42, 76
42, 76
42, 76
42, 76
42, 76
42, 76
42, 77
42, 77
42, 77
42, 78
42, 79
42, 79
42, 81
42, 79
42, 80
42, 80
42, 80
42, 78
42, 78
42, 77
42, 77
42, 77
42, 77
42, 77
42, 77
42, 77
42, 75
42, 73
42, 73
42, 73
41, 73
41, 73
41, 74
41, 74
41, 73
41, 74
41, 75
41, 76
41, 78
41, 80
41, 82
41, 82
41, 84
41, 85
41, 87
41, 88
41, 90
41, 90
41, 85
41, 85
41, 85
41, 86
41, 85
41, 84
41, 83
41, 83
41, 83
41, 82
41, 81
41, 80
41, 79
41, 80
41, 80
41, 79
41, 79
41, 79
41, 81
41, 80
41, 80
41, 79
41, 79
41, 79
41, 80
41, 80
41, 80
41, 81
41, 80
41, 82
41, 82
41, 82
41, 81
41, 82
41, 84
41, 81
41, 82
41, 82
41, 84
41, 84
41, 83
41, 81
41, 81
41, 81
40, 81
40, 80
40, 80
40, 81
40, 81
40, 81
40, 84
41, 82
41, 82
41, 79
43, 78
44, 79
44, 79
44, 79
44, 78
44, 80
44, 81
44, 83
44, 86
44, 86
44, 86
44, 84
43, 83
43, 83
43, 84
43, 85
43, 87
43, 87
43, 88
43, 88
43, 88
43, 88
43, 91
44, 93
44, 92
44, 95
45, 94
45, 93
45, 93
45, 94
45, 94
45, 93
45, 91
45, 92
45, 91
45, 90
45, 90
45, 91
45, 91
45, 92
45, 95
45, 94
45, 94
45, 93
45, 93
45, 93
45, 94
45, 94
45, 95
45, 97
45, 99
45, 99
45, 101
45, 102
45, 102
45, 102
45, 101
45, 102
45, 102
45, 102
45, 100
45, 100
45, 103
45, 105
45, 105
45, 108
45, 110
47, 111
47, 112
47, 112
47, 113
47, 112
47, 112
47, 113
47, 113
46, 113
45, 114
45, 114
45, 114
45, 114
45, 114
45, 114
44, 114
44, 113
44, 115
44, 116
44, 115
44, 114
44, 115
43, 116
44, 114
44, 114
44, 108
44, 107
44, 108
44, 108
44, 108
43, 108
43, 107
42, 106
42, 104
42, 106
41, 106
41, 105
41, 105
40, 104
40, 102
40, 101
40, 101
40, 101
40, 101
40, 102
40, 103
40, 102
40, 103
40, 103
40, 103
40, 105
40, 103
40, 102
40, 102
40, 101
40, 103
40, 103
40, 103
40, 103
40, 103
40, 104
40, 105
40, 105
40, 105
40, 106
40, 106
40, 105
40, 105
40, 105
40, 104
40, 103
40, 101
40, 101
40, 99
40, 100
40, 99
40, 96
40, 95
40, 94
40, 92
40, 92
40, 90
40, 92
40, 93
40, 93
40, 92
40, 89
40, 86
40, 85
40, 85
40, 85
40, 83
40, 82
40, 81
40, 81
40, 78
40, 78
40, 77
40, 76
40, 75
42, 72
42, 72
42, 71
42, 71
42, 68
42, 67
42, 67
42, 68
42, 66
42, 66
42, 67
43, 66
43, 66
44, 64
44, 64
44, 65
44, 67
44, 68
44, 68
44, 71
44, 71
44, 71
44, 71
44, 72
44, 72
44, 70
44, 69
45, 69
45, 69
45, 69
45, 70
45, 70
45, 70
45, 70
45, 72
45, 75
45, 75
45, 76
45, 76
45, 76
45, 76
45, 75
45, 75
45, 74
45, 73
45, 74
45, 73
45, 73
45, 73
45, 71
45, 69
45, 69
45, 70
45, 70
45, 70
45, 70
45, 70
45, 69
45, 68
45, 67
45, 68
45, 66
46, 67
47, 69
47, 70
47, 70
47, 70
47, 70
47, 69
47, 69
47, 69
47, 69
47, 68
47, 67
47, 67
47, 67
47, 68
47, 68
47, 68
47, 69
47, 70
47, 69
47, 69
47, 69
47, 69
47, 70
47, 72
47, 74
47, 74
47, 76
47, 77
47, 78
47, 80
47, 79
48, 80
48, 81
48, 81
48, 81
48, 80
48, 80
48, 80
48, 79
48, 79
48, 79
48, 79
48, 79
48, 79
48, 77
48, 75
48, 75
48, 74
48, 74
48, 75
48, 75
48, 75
48, 75
48, 76
48, 76
48, 76
48, 76
48, 76
48, 75
48, 75
48, 75
48, 76
48, 76
47, 74
47, 74
47, 74
47, 74
47, 75
47, 75
47, 77
47, 77
47, 77
47, 76
47, 75
47, 75
47, 76
47, 78
47, 81
47, 81
47, 81
47, 80
47, 80
47, 80
47, 80
47, 79
47, 79
47, 80
47, 82
47, 82
47, 84
47, 85
47, 85
47, 84
47, 84
47, 86
47, 87
47, 87
47, 86
47, 86
47, 86
47, 86
47, 86
47, 88
47, 89
47, 90
47, 90
47, 90
47, 89
47, 89
47, 89
47, 89
47, 88
47, 87
47, 86
47, 84
47, 83
47, 83
47, 81
47, 80
47, 79
47, 78
47, 77
47, 76
47, 76
47, 76
47, 76
47, 76
47, 76
47, 75
47, 75
47, 73
47, 73
47, 73
47, 73
47, 73
47, 73
47, 73
47, 74
46, 74
46, 74
46, 73
46, 70
47, 70
47, 71
47, 71
47, 71
47, 71
47, 71
47, 71
47, 71
47, 72
47, 72
47, 73
47, 76
47, 78
47, 80
47, 85
47, 87
47, 87
47, 87
47, 86
47, 86
47, 88
47, 89
47, 89
47, 86
47, 84
47, 83
47, 81
47, 81
47, 79
47, 79
47, 81
47, 81
47, 83
47, 83
47, 83
47, 83
47, 82
46, 82
46, 82
46, 79
46, 79
46, 79
46, 79
46, 80
46, 80
46, 82
46, 81
46, 82
46, 81
46, 81
46, 83
46, 83
46, 81
46, 83
46, 81
46, 81
46, 81
46, 81
46, 81
46, 82
46, 82
47, 81
47, 81
47, 83
47, 83
47, 83
47, 83
47, 83
47, 83
47, 83
47, 83
47, 82
47, 82
47, 82
47, 83
47, 82
47, 81
47, 81
47, 81
47, 81
47, 81
47, 81
47, 80
47, 80
47, 82
49, 80
51, 80
53, 80
53, 80
53, 80
53, 80
53, 80
53, 80
53, 82
53, 82
53, 82
53, 81
53, 79
53, 79
53, 78
53, 78
53, 77
53, 73
53, 71
53, 69
53, 66
53, 64
53, 64
53, 66
53, 68
53, 68
53, 67
53, 67
53, 65
53, 65
53, 64
53, 63
53, 63
53, 64
52, 63
52, 63
52, 63
52, 63
52, 61
52, 61
52, 61
52, 60
52, 60
52, 60
52, 59
52, 59
52, 58
52, 58
52, 58
52, 58
51, 58
51, 56
51, 56
51, 55
51, 55
51, 55
51, 55
51, 55
51, 56
51, 56
51, 56
51, 56
51, 56
51, 56
51, 55
51, 54
51, 53
51, 54
51, 54
51, 52
51, 52
51, 52
50, 53
50, 53
50, 53
50, 53
50, 53
50, 54
50, 54
50, 54
50, 54
50, 54
50, 54
50, 53
49, 53
48, 54
47, 55
47, 56
48, 55
48, 55
48, 54
48, 54
48, 54
48, 54
48, 54
48, 54
48, 54
48, 55
48, 55
48, 53
48, 53
48, 53
48, 57
48, 56
48, 56
47, 56
47, 56
47, 54
47, 54
46, 54
46, 55
46, 55
46, 55
46, 54
46, 54
46, 54
46, 54
46, 54
46, 55
46, 55
46, 54
46, 56
46, 56
46, 56
46, 55
46, 55
45, 55
45, 54
45, 54
45, 54
45, 54
45, 55
45, 55
45, 56
45, 55
45, 55
45, 54
45, 56
45, 56
46, 58
47, 59
47, 59
47, 59
47, 59
47, 59
47, 59
47, 59
47, 59
47, 59
47, 58
46, 58
46, 58
46, 58
46, 60
46, 61
46, 61
46, 61
46, 60
46, 60
46, 60
46, 60
47, 58
47, 57
47, 56
47, 56
47, 56
47, 56
47, 56
47, 56
47, 56
47, 56
47, 56
47, 56
47, 56
47, 57
47, 57
47, 57
47, 56
47, 55
47, 55
47, 55
47, 55
47, 55
47, 55
47, 55
47, 55
47, 55
47, 54
47, 53
47, 52
47, 52
47, 52
47, 52
47, 50
47, 50
47, 50
47, 48
47, 48
47, 49
47, 49
47, 49
47, 47
47, 46
47, 46
47, 46
47, 46
47, 46
47, 46
47, 47
47, 46
47, 46
47, 45
47, 44
47, 43
47, 42
47, 42
47, 43
46, 43
46, 45
46, 45
46, 46
45, 48
45, 50
45, 52
45, 52
45, 54
45, 56
45, 57
45, 56
45, 57
45, 57
45, 57
45, 57
45, 57
45, 57
45, 56
45, 56
45, 56
45, 56
45, 55
45, 55
44, 55
43, 55
43, 55
43, 54
43, 53
43, 53
43, 53
43, 53
43, 53
43, 53
43, 53
43, 53
43, 53
43, 53
43, 53
43, 53
43, 53
43, 53
43, 53
43, 52
43, 52
43, 52
43, 52
43, 51
43, 50
43, 50
43, 49
43, 49
43, 49
43, 49
43, 49
43, 49
43, 49
43, 48
43, 48
43, 48
43, 48
43, 48
43, 48
43, 48
43, 48
43, 48
43, 48
43, 48
43, 48
43, 48
43, 48
43, 48
43, 48
42, 48
42, 49
41, 49
41, 48
41, 48
41, 48
41, 48
41, 48
41, 48
41, 48
41, 48
41, 48
41, 48
41, 50
41, 50
41, 52
41, 52
41, 52
41, 52
41, 51
40, 51
41, 49
41, 49
41, 47
41, 46
41, 44
41, 43
41, 42
41, 41
41, 41
41, 39
41, 39
41, 38
40, 36
40, 36
40, 36
40, 36
40, 36
40, 36
40, 35
40, 35
40, 35
40, 35
39, 35
39, 35
39, 35
39, 35
39, 35
39, 35
40, 34
40, 34
40, 34
40, 34
40, 34
40, 35
40, 36
40, 35
41, 35
41, 35
41, 35
41, 35
41, 35
41, 35
41, 35
41, 35
41, 36
41, 35
41, 35
41, 35
41, 35
41, 35
41, 36
41, 36
41, 36
41, 37
41, 36
41, 35
41, 33
41, 32
41, 31
41, 31
41, 31
41, 31
42, 32
43, 31
43, 31
43, 31
43, 31
43, 30
43, 30
43, 30
43, 30
43, 29
43, 29
43, 31
42, 34
42, 37
42, 38
42, 40
42, 42
42, 44
42, 44
42, 44
43, 44
43, 43
43, 43
43, 44
43, 45
43, 47
43, 47
43, 47
43, 47
44, 47
44, 46
44, 46
44, 46
44, 46
44, 46
44, 46
44, 46
44, 46
44, 46
44, 46
44, 47
44, 48
44, 48
44, 48
44, 48
44, 48
44, 48
44, 49
45, 50
45, 50
45, 50
45, 50
45, 50
45, 50
45, 51
45, 51
45, 52
45, 52
45, 52
45, 52
45, 52
45, 52
45, 52
45, 52
45, 52
45, 52
45, 53
46, 53
47, 53
47, 53
47, 53
47, 53
47, 53
47, 53
47, 54
47, 56
47, 58
47, 60
47, 60
47, 60
47, 61
47, 61
47, 61
47, 60
47, 60
47, 60
47, 59
47, 59
47, 59
47, 58
47, 57
47, 56
47, 55
47, 55
47, 55
47, 55
47, 55
47, 55
47, 54
47, 54
46, 54
47, 54
47, 53
47, 53
47, 53
47, 52
47, 54
47, 53
47, 53
47, 54
46, 54
46, 54
46, 54
46, 54
46, 53
46, 53
46, 52
46, 52
45, 52
45, 52
45, 53
45, 52
45, 52
45, 52
45, 52
45, 52
45, 52
45, 52
45, 52
45, 52
45, 52
45, 51
45, 51
44, 51
44, 51
44, 50
44, 50
44, 49
44, 49
44, 48
44, 49
44, 50
44, 50
44, 51
44, 51
44, 51
44, 51
44, 50
44, 50
44, 50
44, 50
44, 50
44, 52
44, 52
44, 51
44, 51
44, 51
44, 51
44, 52
44, 52
44, 52
45, 52
45, 52
45, 51
45, 50
45, 49
45, 49
45, 48
45, 47
45, 46
45, 46
45, 46
45, 46
45, 44
45, 44
45, 44
45, 44
45, 44
45, 45
45, 45
45, 45
45, 46
45, 46
45, 47
45, 48
45, 47
45, 47
45, 47
44, 47
44, 46
44, 45
44, 43
46, 43
46, 41
46, 41
46, 41
46, 41
46, 41
46, 41
46, 41
46, 40
46, 40
46, 40
46, 39
46, 39
46, 39
46, 38
46, 37
46, 35
46, 35
46, 35
46, 35
46, 35
46, 34
46, 34
46, 34
46, 33
46, 32
46, 32
46, 33
46, 33
46, 32
46, 32
46, 32
47, 32
46, 32
46, 32
46, 32
46, 32
46, 33
47, 34
47, 34
47, 34
47, 34
47, 33
47, 33
47, 33
47, 33
47, 35
47, 35
47, 35
47, 35
47, 35
47, 34
47, 34
48, 33
48, 33
48, 33
48, 33
48, 32
48, 32
48, 32
48, 32
49, 32
49, 32
49, 32
49, 31
49, 29
49, 29
49, 29
49, 29
49, 31
49, 31
49, 31
49, 31
49, 31
49, 31
49, 31
49, 31
49, 30
49, 30
49, 31
49, 32
49, 32
49, 32
49, 32
49, 32
49, 32
49, 32
49, 32
49, 32
48, 31
48, 29
48, 30
48, 30
48, 32
48, 33
48, 36
48, 39
48, 40
48, 42
48, 43
48, 42
48, 41
48, 41
48, 42
48, 42
48, 41
48, 41
48, 41
48, 42
48, 42
48, 42
48, 42
48, 42
48, 41
48, 41
48, 41
48, 41
48, 41
48, 40
48, 40
48, 39
48, 39
48, 38
48, 38
48, 38
48, 37
48, 37
48, 36
48, 37
48, 37
48, 37
48, 37
48, 37
49, 37
49, 37
51, 37
52, 36
52, 36
52, 36
52, 35
52, 35
52, 35
52, 35
52, 36
53, 34
54, 33
54, 33
54, 33
54, 32
54, 32
54, 32
54, 32
54, 32
54, 32
54, 32
54, 32
54, 32
54, 32
54, 32
54, 32
54, 32
54, 32
54, 32
54, 32
54, 32
54, 31
54, 31
54, 31
54, 31
53, 31
53, 32
53, 32
53, 31
53, 31
53, 31
53, 31
53, 30
53, 30
53, 30
53, 30
53, 30
53, 30
53, 30
53, 30
53, 30
53, 28
53, 28
53, 28
53, 27
53, 27
53, 25
53, 24
53, 24
53, 24
53, 23
53, 23
53, 23
53, 23
53, 23
53, 22
53, 22
53, 22
53, 21
53, 21
53, 22
53, 22
53, 22
53, 22
53, 22
53, 22
53, 22
52, 22
52, 22
52, 22
53, 22
53, 23
53, 23
53, 23
53, 23
53, 22
53, 24
53, 24
53, 24
53, 24
53, 24
53, 24
53, 24
53, 24
53, 24
53, 24
53, 24
53, 24
53, 23
53, 23
53, 23
53, 23
53, 23
53, 23
53, 23
53, 23
53, 23
53, 23
53, 23
53, 23
53, 23
53, 23
53, 23
52, 23
52, 21
52, 21
52, 21
52, 21
52, 21
52, 21
52, 21
52, 21
52, 21
52, 19
52, 19
52, 19
52, 18
52, 17
52, 17
52, 17
52, 17
52, 15
53, 15
53, 15
53, 15
53, 15
53, 15
53, 15
53, 14
53, 14
53, 14
53, 14
53, 13
53, 13
53, 13
53, 14
53, 14
52, 14
52, 14
52, 14
52, 13
52, 13
52, 13
52, 14
52, 15
52, 15
52, 15
52, 15
52, 15
51, 15
51, 15
51, 15
50, 15
50, 14
50, 14
50, 14
50, 14
50, 14
50, 14
49, 14
49, 14
49, 14
49, 14
49, 14
49, 14
49, 14
49, 14
49, 14
49, 14
49, 14
49, 12
49, 12
49, 12
49, 12
49, 12
49, 12
49, 12
49, 12
49, 12
49, 12
49, 12
49, 12
49, 12
49, 12
49, 12
49, 12
49, 12
49, 12
49, 14
49, 14
48, 14
48, 14
48, 14
48, 14
48, 14
48, 14
48, 14
47, 13
47, 13
47, 13
47, 13
47, 13
47, 12
47, 12
47, 12
47, 12
47, 12
47, 12
47, 12
47, 12
47, 12
47, 12
47, 12
47, 13
47, 13
46, 13
46, 13
46, 13
46, 13
46, 13
46, 14
46, 14
46, 14
46, 14
46, 14
46, 14
46, 14
46, 14
46, 14
46, 14
46, 14
46, 14
46, 14
46, 14
46, 13
46, 13
46, 13
46, 13
46, 13
46, 13
46, 13
46, 13
46, 13
45, 13
45, 13
45, 13
45, 13
45, 13
45, 13
45, 13
45, 13
44, 14
44, 14
44, 15
44, 15
44, 15
44, 15
44, 15
44, 15
44, 15
44, 15
44, 15
44, 15
44, 15
44, 15
43, 15
43, 15
43, 15
43, 15
43, 17
43, 17
43, 17
43, 18
43, 19
43, 19
43, 18
43, 18
43, 18
43, 18
43, 17
43, 17
43, 17
43, 18
43, 18
43, 18
43, 18
43, 18
43, 18
43, 18
43, 18
43, 18
43, 18
43, 18
43, 18
43, 18
43, 18
43, 18
43, 18
43, 18
43, 18
43, 18
45, 18
47, 18
48, 18
48, 18
48, 18
48, 18
48, 18
48, 18
48, 18
48, 18
48, 18
48, 17
48, 17
47, 17
46, 17
46, 17
46, 16
46, 15
46, 15
46, 15
46, 15
46, 15
46, 15
45, 15
45, 15
45, 15
45, 15
45, 15
45, 15
45, 15
45, 15
45, 15
46, 15
46, 15
46, 15
46, 15
46, 15
46, 15
46, 15
46, 15
46, 15
46, 15
46, 15
46, 15
46, 15
46, 15
46, 16
46, 16
46, 16
46, 15
46, 15
46, 15
46, 15
46, 15
46, 15
46, 15
46, 16
46, 17
46, 17
46, 17
46, 17
46, 17
46, 17
46, 16
46, 16
45, 17
45, 17
45, 17
45, 17
45, 19
45, 19
45, 20
45, 20
45, 20
45, 20
45, 20
45, 20
44, 20
44, 20
44, 20
44, 22
44, 22
44, 22
44, 22
43, 22
44, 22
44, 22
44, 22
44, 22
43, 23
43, 23
43, 23
43, 23
43, 21
43, 19
43, 19
43, 19
43, 19
43, 19
43, 19
43, 19
43, 19
43, 19
43, 19
43, 19
43, 19
43, 19
43, 19
43, 19
43, 19
43, 19
43, 19
42, 18
42, 18
42, 18
42, 18
42, 18
42, 18
42, 18
41, 18
41, 18
41, 18
41, 18
41, 18
41, 18
41, 18
41, 18
41, 18
41, 18
41, 19
41, 19
41, 20
41, 20
41, 20
41, 20
41, 20
41, 20
41, 20
41, 20
41, 19
40, 19
40, 19
40, 16
39, 16
39, 16
39, 16
39, 16
39, 16
39, 16
39, 16
39, 16
39, 16
39, 16
39, 16
39, 16
39, 16
39, 16
39, 16
39, 16
39, 16
39, 16
39, 16
39, 16
39, 16
38, 16
38, 16
38, 16
38, 16
38, 16
38, 16
38, 16
38, 16
38, 16
38, 16
38, 16
38, 16
38, 16
38, 16
38, 16
38, 16
38, 14
38, 14
38, 14
38, 14
38, 14
38, 14
38, 13
38, 13
37, 13
37, 13
37, 13
37, 13
37, 13
37, 13
37, 12
37, 12
37, 12
37, 12
37, 11
37, 11
37, 11
37, 12
37, 13
37, 13
37, 13
37, 14
37, 15
37, 15
37, 15
37, 16
36, 17
36, 18
36, 18
36, 18
36, 18
36, 18
36, 18
35, 18
35, 18
35, 18
35, 18
35, 18
35, 18
35, 18
35, 18
35, 18
35, 18
35, 19
35, 20
35, 20
35, 20
35, 20
35, 20
35, 20
35, 20
34, 20
34, 20
34, 20
34, 20
33, 20
33, 20
33, 20
33, 20
33, 20
33, 20
33, 20
33, 20
33, 20
33, 20
33, 20
33, 20
33, 20
32, 20
31, 20
31, 20
31, 20
31, 20
32, 20
32, 21
32, 21
32, 22
32, 24
32, 23
32, 23
32, 25
32, 25
32, 24
31, 24
31, 24
31, 24
31, 23
31, 23
31, 23
31, 23
31, 23
31, 23
31, 23
31, 23
31, 23
31, 23
31, 23
31, 23
30, 23
30, 23
30, 23
30, 23
30, 23
30, 23
30, 23
30, 23
30, 23
30, 23
30, 23
30, 22
30, 22
30, 22
30, 22
30, 21
30, 21
30, 21
30, 19
30, 18
30, 18
30, 18
30, 18
30, 18
30, 18
30, 18
30, 18
30, 18
30, 18
30, 18
30, 18
30, 18
30, 18
30, 18
30, 18
30, 18
30, 17
30, 17
30, 17
30, 17
30, 16
30, 16
30, 16
30, 16
30, 16
30, 15
30, 15
30, 15
30, 14
30, 14
30, 14
30, 14
30, 14
30, 13
30, 13
30, 13
30, 13
30, 13
31, 13
32, 13
32, 13
32, 13
32, 13
32, 13
32, 13
31, 13
31, 13
31, 12
31, 12
31, 11
31, 10
31, 10
30, 10
30, 10
30, 10
30, 10
30, 10
30, 10
30, 10
30, 10
30, 10
30, 10
30, 10
30, 10
30, 10
30, 10
30, 10
30, 10
30, 10
30, 10
30, 10
30, 10
30, 10
29, 12
29, 12
29, 12
29, 12
29, 14
29, 14
29, 14
29, 14
29, 14
29, 14
29, 14
29, 14
29, 14
29, 14
29, 14
29, 14
29, 14
29, 14
29, 14
28, 15
28, 16
28, 16
28, 16
28, 17
28, 18
28, 18
28, 20
28, 20
28, 20
28, 20
28, 20
28, 20
28, 20
28, 20
28, 21
28, 22
28, 22
28, 22
28, 24
28, 24
28, 24
27, 24
27, 24
27, 24
27, 24
27, 24
27, 24
27, 24
27, 24
27, 25
27, 25
27, 25
27, 25
27, 25
27, 25
27, 25
27, 25
27, 25
27, 24
27, 24
27, 24
27, 24
27, 24
27, 24
27, 24
27, 24
27, 24
27, 25
27, 25
27, 25
27, 25
27, 25
27, 25
27, 25
27, 26
27, 27
27, 27
27, 27
27, 27
27, 27
27, 27
27, 27
27, 27
27, 27
27, 27
27, 27
27, 27
27, 27
27, 27
27, 28
27, 28
27, 27
27, 27
27, 27
27, 27
27, 28
27, 28
27, 28
27, 27
27, 27
27, 27
27, 27
27, 27
27, 27
27, 27
27, 27
27, 27
27, 27
27, 27
27, 27
27, 27
27, 31
27, 31
27, 31
27, 32
27, 32
27, 34
27, 33
27, 33
27, 35
27, 37
27, 37
27, 40
27, 40
27, 43
27, 43
27, 43
27, 43
27, 45
27, 43
27, 43
27, 42
27, 43
27, 43
27, 42
27, 41
26, 42
26, 41
26, 41
26, 40
25, 40
25, 39
25, 39
25, 39
25, 38
25, 37
25, 37
25, 37
25, 37
25, 38
25, 38
25, 38
24, 38
24, 38
24, 38
24, 38
24, 38
24, 38
24, 38
24, 38
24, 38
24, 37
23, 37
23, 37
23, 37
23, 36
23, 35
23, 34
23, 33
23, 33
23, 34
23, 31
22, 31
21, 31
21, 31
21, 31
21, 31
21, 31
21, 31
21, 30
21, 29
21, 29
21, 29
21, 29
21, 29
21, 29
21, 29
21, 29
21, 29
21, 30
21, 29
21, 29
21, 30
21, 30
21, 30
21, 30
21, 30
21, 30
21, 31
21, 31
21, 31
21, 32
21, 32
22, 34
22, 34
22, 34
22, 33
22, 32
22, 32
22, 33
22, 33
22, 35
22, 35
22, 33
22, 33
22, 33
22, 33
22, 33
22, 33
24, 35
25, 35
25, 36
25, 36
25, 36
25, 37
25, 37
25, 36
26, 36
26, 37
26, 40
26, 40
26, 43
26, 43
26, 43
26, 44
26, 45
26, 45
26, 47
26, 50
26, 51
26, 53
26, 53
26, 53
26, 53
26, 53
26, 53
26, 54
26, 54
26, 54
26, 54
26, 55
26, 56
26, 56
26, 56
26, 56
26, 58
26, 58
26, 59
26, 59
26, 59
26, 60
26, 60
26, 60
26, 60
25, 60
25, 59
25, 60
25, 60
25, 60
25, 60
25, 61
25, 62
25, 62
25, 62
25, 63
25, 64
25, 64
25, 64
25, 64
25, 64
25, 65
25, 66
25, 68
25, 70
25, 71
25, 71
25, 73
25, 73
25, 73
25, 73
25, 74
25, 73
26, 72
26, 74
26, 74
26, 74
26, 76
26, 78
26, 79
26, 82
26, 84
26, 85
26, 84
26, 84
26, 84
26, 84
26, 84
26, 84
26, 85
26, 85
26, 85
26, 85
26, 87
26, 86
26, 86
26, 85
26, 85
26, 85
26, 85
26, 84
26, 84
26, 88
26, 86
26, 86
26, 86
26, 85
26, 87
26, 88
26, 88
26, 88
26, 89
26, 90
26, 90
26, 90
26, 90
26, 90
26, 90
26, 93
26, 93
26, 94
26, 93
26, 93
26, 93
26, 93
26, 93
26, 95
26, 94
26, 96
26, 96
26, 98
26, 100
26, 100
26, 100
26, 101
26, 101
26, 100
26, 100
26, 99
26, 102
26, 103
26, 101
26, 101
26, 99
26, 100
26, 100
26, 99
26, 99
26, 99
26, 99
26, 99
25, 99
25, 99
25, 98
25, 97
25, 95
25, 94
25, 93
25, 91
25, 91
25, 92
25, 92
25, 92
25, 93
25, 93
25, 91
25, 91
25, 90
25, 88
25, 87
25, 87
25, 86
25, 85
25, 86
25, 85
25, 84
25, 83
25, 83
25, 84
25, 84
25, 84
25, 85
25, 85
25, 83
25, 82
25, 83
25, 85
25, 86
25, 86
25, 87
25, 87
25, 87
25, 88
25, 84
25, 83
25, 83
25, 84
25, 84
25, 80
25, 79
25, 80
25, 77
25, 77
25, 79
25, 80
25, 80
25, 80
25, 81
25, 80
25, 78
25, 78
25, 78
25, 78
24, 78
24, 77
24, 77
24, 77
24, 75
24, 75
24, 73
24, 71
24, 68
24, 68
24, 70
24, 74
24, 74
24, 75
24, 77
24, 78
24, 80
24, 79
24, 80
24, 82
24, 85
24, 88
24, 91
24, 93
24, 95
24, 96
24, 97
24, 99
24, 99
24, 99
24, 100
24, 101
24, 101
24, 102
24, 102
24, 103
24, 104
23, 104
23, 104
23, 103
23, 101
23, 99
23, 98
23, 98
23, 98
23, 97
23, 96
23, 95
23, 94
23, 94
23, 93
23, 93
23, 93
24, 95
24, 95
24, 94
24, 93
24, 95
24, 95
24, 95
24, 96
24, 97
24, 97
24, 96
24, 94
24, 96
24, 96
24, 93
23, 93
23, 94
23, 92
23, 92
23, 93
23, 93
23, 92
23, 93
23, 94
23, 94
23, 93
23, 94
23, 94
23, 93
23, 93
23, 94
23, 94
22, 93
22, 93
22, 93
22, 93
22, 92
22, 93
22, 95
22, 96
22, 97
21, 98
21, 98
21, 98
21, 98
21, 99
21, 98
21, 97
21, 97
21, 96
21, 97
21, 99
21, 98
21, 97
21, 95
21, 97
21, 95
21, 92
22, 91
22, 90
22, 87
22, 89
22, 90
22, 89
22, 88
22, 88
22, 87
22, 87
22, 88
22, 89
22, 89
22, 90
22, 91
22, 91
22, 91
22, 91
22, 91
22, 90
22, 90
22, 92
22, 91
22, 90
22, 91
22, 93
22, 93
21, 93
21, 93
21, 94
21, 95
21, 95
21, 97
21, 97
21, 97
21, 97
21, 97
21, 95
21, 95
21, 95
21, 96
21, 98
21, 97
21, 98
21, 98
21, 100
21, 100
21, 100
21, 101
21, 101
21, 101
21, 102
21, 103
21, 104
21, 107
21, 106
21, 106
21, 107
21, 108
21, 108
21, 109
21, 111
21, 111
21, 112
21, 113
21, 113
21, 113
21, 113
21, 113
21, 113
21, 114
21, 115
21, 116
21, 116
21, 117
21, 120
21, 125
21, 128
21, 132
21, 134
21, 134
21, 135
21, 137
21, 137
21, 134
21, 136
21, 137
21, 137
21, 136
21, 136
21, 137
21, 138
21, 139
21, 140
21, 140
21, 139
21, 140
21, 142
21, 142
21, 143
21, 141
21, 142
21, 147
21, 147
21, 148
21, 151
21, 150
21, 150
21, 149
21, 148
21, 150
21, 152
21, 152
21, 152
21, 152
21, 154
21, 153
21, 153
21, 155
21, 155
21, 158
21, 158
21, 158
21, 157
21, 155
22, 155
22, 155
23, 154
23, 156
23, 156
22, 156
22, 154
22, 153
22, 155
22, 157
22, 158
22, 160
22, 161
22, 163
22, 161
22, 164
22, 162
22, 161
22, 161
22, 162
22, 159
22, 160
22, 160
22, 158
22, 158
22, 159
22, 159
22, 159
22, 158
22, 159
22, 159
23, 159
24, 157
24, 157
24, 156
24, 156
24, 156
24, 156
24, 154
24, 156
24, 156
25, 155
25, 156
25, 156
25, 154
25, 151
25, 149
25, 149
25, 149
25, 148
25, 151
25, 151
25, 152
25, 154
25, 154
25, 153
24, 153
24, 152
24, 151
24, 153
24, 150
24, 155
24, 157
24, 158
24, 158
24, 159
24, 159
24, 159
24, 159
25, 159
25, 159
25, 157
26, 155
26, 154
26, 154
26, 153
26, 153
26, 151
26, 152
26, 153
26, 158
26, 159
26, 161
26, 163
26, 163
26, 165
26, 164
26, 163
27, 163
27, 163
27, 163
28, 160
28, 160
28, 158
28, 157
29, 157
29, 157
29, 158
29, 158
29, 154
29, 152
29, 150
29, 148
29, 149
29, 150
29, 150
29, 148
29, 148
29, 149
29, 148
29, 145
29, 145
29, 142
29, 140
29, 140
29, 138
29, 137
29, 136
29, 132
29, 132
29, 129
29, 131
29, 130
29, 130
29, 129
29, 128
29, 127
29, 126
28, 125
28, 126
29, 125
29, 122
29, 122
29, 121
29, 120
29, 120
29, 118
29, 119
29, 123
29, 125
29, 126
29, 124
29, 124
29, 122
29, 122
29, 121
29, 121
29, 121
29, 121
29, 121
29, 119
29, 119
29, 115
29, 115
29, 115
29, 113
29, 113
28, 113
28, 114
28, 115
27, 115
27, 115
27, 114
27, 113
27, 113
27, 112
27, 112
27, 110
27, 108
27, 105
27, 105
27, 102
27, 102
27, 100
27, 99
27, 98
27, 96
27, 96
27, 97
27, 97
27, 96
27, 96
27, 96
27, 95
27, 95
27, 94
27, 93
27, 96
27, 96
27, 97
27, 100
27, 98
27, 97
27, 97
27, 94
27, 92
27, 91
27, 90
27, 90
27, 89
27, 87
27, 87
27, 87
27, 86
28, 87
28, 87
28, 88
28, 88
28, 88
28, 87
28, 88
28, 88
28, 87
28, 87
29, 86
29, 86
29, 87
29, 88
29, 91
29, 92
29, 91
29, 89
29, 88
29, 88
29, 86
29, 85
29, 84
29, 84
29, 81
29, 77
29, 78
29, 79
29, 78
29, 76
29, 76
29, 76
29, 75
29, 75
29, 75
29, 74
29, 74
29, 74
29, 73
29, 73
29, 74
29, 75
29, 77
29, 77
30, 73
31, 72
31, 71
31, 71
31, 71
31, 71
31, 71
31, 71
31, 72
31, 71
31, 70
31, 70
31, 70
31, 70
31, 70
31, 69
32, 68
34, 68
36, 67
36, 67
36, 66
36, 65
36, 66
36, 66
36, 68
36, 68
36, 68
36, 69
36, 72
36, 73
36, 74
36, 73
36, 74
36, 74
36, 73
36, 73
36, 74
36, 73
36, 73
36, 74
36, 74
36, 73
36, 73
36, 73
36, 73
36, 73
36, 73
36, 73
36, 71
36, 71
36, 72
36, 72
36, 72
36, 71
36, 71
36, 71
36, 71
36, 71
36, 73
36, 74
36, 77
36, 75
36, 74
36, 75
36, 75
36, 75
36, 76
36, 76
36, 76
36, 76
36, 77
36, 76
36, 76
36, 76
36, 74
36, 75
36, 74
37, 73
37, 73
37, 72
37, 72
37, 73
37, 73
37, 72
37, 72
37, 72
37, 72
37, 72
37, 70
37, 69
37, 68
37, 67
37, 67
37, 67
37, 67
37, 67
37, 68
37, 68
37, 68
37, 67
37, 67
37, 67
37, 67
37, 67
36, 67
36, 67
36, 69
36, 69
36, 69
36, 69
36, 69
36, 69
36, 68
36, 66
36, 64
36, 64
36, 65
36, 59
36, 60
36, 60
36, 59
36, 57
36, 56
36, 53
36, 50
36, 49
36, 48
36, 48
36, 47
36, 46
36, 46
36, 46
36, 46
36, 45
36, 47
36, 47
36, 47
36, 47
36, 47
36, 46
36, 47
36, 46
36, 46
36, 45
36, 45
36, 47
36, 47
36, 47
36, 46
36, 46
36, 46
36, 45
36, 44
36, 44
36, 44
36, 44
36, 45
37, 45
38, 45
40, 44
42, 44
41, 44
41, 44
41, 43
41, 43
41, 42
41, 42
41, 42
42, 40
42, 40
42, 40
42, 39
43, 37
43, 36
43, 37
43, 37
43, 36
43, 36
43, 37
43, 37
44, 37
44, 37
44, 38
44, 38
44, 38
44, 38
44, 40
44, 39
44, 39
44, 38
44, 37
44, 37
44, 37
44, 37
44, 36
44, 38
44, 38
44, 38
44, 38
44, 38
44, 38
44, 38
44, 39
44, 40
44, 40
44, 40
44, 40
44, 40
44, 41
44, 41
44, 41
44, 41
44, 41
44, 41
44, 41
44, 41
44, 41
44, 41
44, 40
44, 40
44, 39
44, 39
44, 39
44, 39
44, 38
44, 37
44, 37
44, 37
44, 37
44, 37
44, 36
44, 36
44, 36
44, 36
44, 36
44, 35
45, 36
45, 37
45, 37
45, 37
45, 37
45, 37
45, 38
45, 38
45, 38
45, 38
45, 38
45, 37
45, 36
45, 36
45, 36
45, 37
45, 38
45, 38
45, 39
45, 39
45, 39
45, 36
45, 35
44, 34
44, 34
44, 33
44, 33
44, 33
44, 33
44, 33
44, 33
44, 33
44, 33
44, 33
44, 32
44, 32
44, 31
44, 31
44, 31
44, 31
44, 31
44, 30
44, 30
44, 30
44, 31
44, 31
44, 31
44, 31
44, 31
44, 31
44, 31
44, 31
44, 31
44, 32
44, 32
44, 33
44, 33
44, 32
44, 31
44, 31
44, 31
44, 31
44, 31
44, 30
44, 30
44, 30
44, 30
44, 30
44, 29
44, 29
44, 29
44, 29
44, 29
43, 29
43, 29
43, 27
43, 27
43, 27
43, 27
43, 27
42, 27
42, 27
42, 27
42, 27
42, 27
42, 27
42, 28
42, 30
42, 32
42, 32
42, 34
42, 35
42, 35
42, 36
42, 36
42, 36
42, 38
42, 40
43, 43
43, 45
43, 45
43, 48
43, 48
43, 48
43, 48
43, 49
43, 49
43, 51
42, 53
42, 53
42, 54
42, 59
42, 62
41, 65
41, 68
41, 70
41, 73
41, 73
41, 74
41, 75
41, 76
41, 77
41, 78
41, 78
41, 78
41, 78
41, 78
41, 78
41, 78
41, 78
41, 78
41, 78
41, 78
41, 78
42, 77
42, 77
42, 77
42, 77
42, 77
42, 77
42, 77
42, 77
42, 77
42, 77
42, 77
42, 77
42, 77
42, 77
42, 77
42, 77
42, 77
42, 79
41, 79
41, 79
41, 79
41, 79
41, 79
41, 79
41, 79
41, 80
41, 80
41, 80
41, 80
41, 81
42, 81
43, 81
43, 83
43, 84
43, 83
43, 84
43, 84
43, 83
43, 82
44, 83
44, 84
44, 84
44, 84
44, 84
44, 86
44, 86
44, 86
44, 85
44, 84
44, 85
44, 86
44, 86
44, 86
44, 84
44, 82
44, 82
44, 81
44, 81
44, 78
44, 78
43, 78
43, 78
43, 77
43, 76
43, 74
43, 76
43, 77
42, 77
42, 75
42, 74
42, 73
42, 72
42, 73
42, 70
42, 70
42, 67
42, 66
42, 65
42, 65
42, 64
42, 64
42, 64
42, 62
42, 62
41, 62
41, 62
41, 62
41, 62
41, 62
41, 62
41, 62
41, 63
41, 65
41, 66
41, 67
41, 68
41, 70
41, 71
41, 72
41, 75
41, 74
41, 73
41, 73
41, 73
41, 73
41, 73
41, 73
41, 73
41, 72
41, 71
41, 70
41, 72
41, 72
41, 72
41, 72
41, 71
41, 73
41, 73
41, 73
41, 72
41, 72
41, 72
41, 71
41, 70
41, 70
41, 70
41, 70
41, 70
41, 70
41, 70
41, 70
41, 69
41, 69
41, 69
41, 69
41, 66
41, 66
41, 67
41, 67
41, 67
41, 67
41, 66
41, 66
41, 66
41, 65
41, 65
40, 65
40, 65
40, 66
40, 66
40, 66
40, 67
40, 64
40, 64
40, 64
40, 64
40, 62
40, 62
40, 60
40, 58
40, 58
40, 59
40, 58
40, 58
40, 58
40, 59
40, 59
40, 60
40, 61
40, 62
40, 62
40, 63
40, 63
40, 62
40, 63
39, 64
39, 64
39, 64
39, 64
39, 64
39, 64
39, 63
39, 63
39, 63
39, 61
39, 61
39, 61
39, 61
39, 61
37, 60
37, 57
37, 57
37, 57
36, 58
36, 58
36, 58
36, 58
36, 58
36, 58
36, 60
36, 61
36, 61
36, 60
36, 59
36, 59
36, 59
36, 59
35, 58
35, 58
35, 58
35, 58
35, 57
35, 57
35, 57
35, 57
34, 56
34, 56
34, 55
34, 54
34, 53
34, 53
34, 53
34, 53
34, 52
34, 52
34, 52
34, 52
34, 52
34, 50
34, 50
34, 50
34, 50
34, 50
34, 48
34, 48
34, 47
34, 46
34, 45
34, 45
34, 44
34, 44
34, 43
34, 42
34, 42
34, 41
34, 41
34, 40
34, 40
34, 39
34, 39
34, 38
34, 38
34, 38
34, 39
34, 41
34, 43
34, 44
34, 45
34, 45
34, 45
34, 44
34, 44
33, 44
33, 44
33, 44
33, 44
33, 44
33, 44
33, 44
33, 44
33, 44
33, 45
33, 45
33, 45
33, 45
33, 45
33, 45
33, 45
33, 45
33, 45
33, 45
33, 46
33, 47
33, 49
33, 50
33, 50
33, 50
33, 50
33, 50
33, 50
33, 48
33, 48
33, 48
33, 49
33, 50
33, 50
33, 50
33, 50
33, 50
33, 50
33, 53
33, 53
33, 52
33, 52
33, 52
33, 52
33, 52
32, 51
32, 53
32, 53
32, 52
32, 53
32, 53
32, 54
32, 54
32, 53
32, 53
32, 53
32, 52
32, 53
32, 53
32, 52
32, 53
32, 53
32, 53
32, 54
32, 54
32, 54
32, 54
32, 54
32, 54
32, 54
32, 54
32, 54
32, 54
32, 54
32, 54
32, 54
32, 54
32, 53
32, 52
32, 52
32, 52
31, 54
31, 55
31, 55
31, 54
31, 54
31, 54
31, 56
30, 56
30, 54
30, 54
30, 54
30, 54
30, 56
30, 55
30, 56
30, 56
30, 58
30, 59
30, 58
30, 57
30, 57
30, 57
30, 56
30, 55
30, 55
30, 55
30, 55
30, 56
30, 56
30, 57
29, 56
29, 55
29, 54
29, 54
29, 54
29, 54
29, 55
29, 56
28, 56
28, 56
27, 55
27, 54
27, 53
27, 53
27, 53
27, 53
27, 53
27, 53
27, 49
27, 49
27, 49
27, 49
27, 48
27, 48
27, 48
27, 48
27, 47
27, 47
27, 47
27, 47
27, 47
27, 47
27, 46
27, 46
27, 46
27, 46
27, 46
27, 46
27, 46
27, 47
27, 47
27, 47
27, 47
27, 47
27, 47
27, 47
27, 47
27, 48
27, 47
27, 46
27, 46
27, 45
27, 45
27, 45
27, 45
27, 46
27, 46
27, 46
27, 48
27, 48
27, 48
27, 46
27, 46
27, 46
27, 46
27, 46
27, 46
27, 46
27, 45
27, 45
27, 43
27, 43
27, 43
27, 42
27, 41
27, 41
27, 41
27, 39
27, 39
27, 39
27, 39
27, 39
27, 39
27, 39
27, 39
27, 38
27, 39
27, 39
27, 38
27, 38
27, 40
27, 40
27, 40
27, 39
27, 39
27, 39
29, 39
31, 39
31, 39
32, 39
32, 38
32, 39
32, 39
32, 39
32, 39
32, 39
32, 39
32, 39
32, 39
32, 39
32, 39
32, 39
32, 39
32, 39
32, 39
32, 39
32, 39
32, 39
32, 39
31, 39
31, 39
31, 38
31, 38
30, 39
30, 40
30, 40
30, 40
29, 40
29, 40
29, 40
29, 40
29, 40
29, 40
29, 42
29, 43
30, 43
30, 43
30, 43
30, 45
30, 47
30, 47
30, 47
30, 47
30, 47
30, 49
30, 49
30, 47
30, 46
30, 46
30, 44
30, 44
30, 44
30, 44
30, 45
30, 45
30, 45
30, 44
30, 44
30, 45
30, 46
30, 46
30, 46
30, 46
30, 49
30, 50
30, 51
30, 53
30, 53
30, 53
30, 55
30, 58
30, 61
30, 63
30, 64
30, 65
30, 65
30, 65
30, 64
30, 64
30, 64
30, 63
30, 63
30, 63
30, 63
30, 64
30, 65
30, 67
30, 67
30, 67
30, 67
30, 66
30, 65
30, 64
30, 64
30, 64
30, 63
30, 63
30, 64
30, 64
30, 64
30, 64
30, 64
30, 64
30, 65
30, 66
30, 65
30, 66
30, 66
30, 68
30, 68
30, 68
30, 69
30, 71
30, 72
30, 71
30, 70
30, 70
30, 70
30, 70
30, 70
30, 70
30, 70
30, 71
30, 71
30, 71
30, 72
30, 73
30, 74
30, 74
30, 73
30, 72
30, 73
29, 74
29, 74
29, 74
29, 72
29, 72
29, 72
29, 72
29, 70
29, 70
29, 70
29, 70
29, 70
29, 68
29, 70
29, 72
29, 72
29, 73
29, 73
29, 73
29, 73
29, 73
29, 74
29, 74
29, 74
29, 73
29, 71
29, 71
30, 70
31, 70
31, 69
31, 69
31, 67
31, 67
31, 66
31, 66
31, 68
31, 69
31, 69
31, 69
31, 68
31, 70
31, 70
31, 70
31, 72
31, 72
31, 71
31, 71
31, 71
31, 71
31, 68
31, 68
31, 69
31, 72
31, 69
31, 69
31, 69
31, 69
31, 69
31, 68
31, 68
31, 68
31, 68
31, 67
31, 68
31, 68
31, 67
31, 66
31, 65
31, 64
31, 65
31, 66
31, 64
31, 63
31, 63
31, 63
31, 63
31, 63
32, 62
32, 61
32, 61
32, 61
32, 60
32, 59
32, 59
32, 60
32, 61
32, 60
32, 62
32, 64
33, 66
33, 64
33, 64
33, 64
33, 64
33, 64
33, 64
33, 64
33, 63
33, 62
33, 61
33, 61
33, 61
33, 63
33, 65
33, 64
33, 63
33, 62
33, 62
33, 61
32, 60
32, 60
32, 62
32, 60
32, 60
32, 61
32, 59
32, 59
32, 56
32, 56
32, 55
32, 55
32, 55
32, 55
32, 54
32, 54
32, 53
32, 51
32, 51
32, 51
32, 51
32, 50
32, 50
32, 50
32, 49
32, 47
32, 46
32, 46
32, 46
32, 46
32, 46
32, 46
32, 46
32, 45
32, 43
33, 43
33, 43
33, 42
33, 42
33, 42
33, 41
33, 41
33, 41
33, 41
33, 41
33, 41
33, 41
33, 41
33, 41
33, 40
33, 40
33, 40
33, 40
33, 41
33, 42
33, 44
33, 45
33, 45
33, 45
33, 45
33, 44
33, 43
33, 43
33, 43
33, 43
33, 43
33, 41
33, 41
33, 41
33, 41
33, 40
33, 39
33, 38
33, 38
33, 38
33, 38
33, 38
33, 38
33, 40
33, 40
33, 40
33, 39
33, 39
33, 39
33, 38
33, 38
33, 38
33, 38
33, 38
33, 38
33, 38
33, 38
33, 38
33, 38
33, 38
33, 37
33, 37
33, 37
33, 37
33, 38
33, 38
33, 38
33, 38
33, 38
33, 38
33, 38
33, 38
33, 38
33, 37
33, 37
33, 37
32, 37
32, 37
32, 39
32, 39
32, 39
32, 38
32, 38
32, 37
32, 37
32, 37
32, 37
32, 37
32, 37
32, 37
32, 39
32, 39
32, 41
32, 43
32, 43
32, 43
32, 43
32, 43
32, 43
32, 43
32, 43
31, 43
31, 43
31, 45
31, 45
31, 45
31, 45
31, 44
31, 44
31, 43
31, 42
31, 41
30, 41
30, 43
30, 43
30, 43
30, 43
30, 43
30, 43
31, 42
31, 42
31, 42
31, 42
31, 42
31, 42
31, 42
31, 42
31, 41
31, 41
31, 41
31, 41
31, 41
31, 43
31, 44
30, 43
30, 43
30, 43
30, 43
30, 42
30, 41
30, 41
30, 41
30, 41
30, 43
30, 45
30, 46
30, 46
30, 46
30, 46
30, 46
30, 45
30, 45
30, 45
30, 45
30, 45
30, 45
30, 45
30, 45
30, 44
30, 43
30, 43
30, 41
30, 41
30, 41
30, 41
30, 41
30, 41
30, 41
30, 41
30, 40
30, 40
30, 41
30, 39
30, 37
30, 37
30, 37
30, 37
30, 37
30, 37
30, 37
30, 37
30, 37
30, 37
30, 36
30, 35
30, 35
30, 35
30, 35
30, 36
30, 36
30, 36
30, 36
30, 37
30, 37
30, 36
30, 36
30, 36
30, 36
30, 36
30, 36
30, 36
30, 36
29, 36
29, 36
29, 34
29, 33
29, 33
29, 33
29, 33
29, 33
29, 33
29, 33
29, 33
29, 33
29, 33
29, 33
29, 33
29, 33
29, 33
29, 33
29, 33
29, 33
29, 33
29, 32
29, 32
29, 32
29, 32
29, 32
29, 32
29, 32
29, 32
29, 31
29, 31
29, 31
29, 30
29, 28
28, 28
28, 28
28, 28
28, 28
28, 28
28, 28
28, 28
28, 28
28, 28
28, 28
28, 28
28, 28
28, 28
28, 28
28, 27
28, 27
28, 27
28, 26
28, 25
28, 25
28, 26
28, 26
28, 26
28, 26
27, 25
27, 25
27, 25
27, 25
27, 25
27, 25
27, 25
27, 25
27, 25
27, 24
26, 24
26, 24
26, 25
26, 27
26, 29
26, 31
26, 33
26, 35
26, 37
26, 37
26, 37
26, 37
26, 36
26, 36
26, 36
26, 36
26, 36
26, 36
26, 36
26, 36
26, 36
26, 36
26, 36
26, 36
26, 36
26, 36
26, 36
26, 36
26, 36
26, 36
26, 35
26, 35
26, 35
26, 34
25, 34
25, 34
25, 34
25, 33
25, 33
25, 33
25, 33
25, 32
25, 32
25, 32
25, 33
25, 35
25, 37
25, 38
25, 39
25, 39
25, 39
25, 39
25, 39
25, 38
25, 38
25, 38
25, 38
25, 39
24, 39
24, 39
24, 39
24, 39
25, 39
25, 39
25, 39
24, 39
24, 39
24, 40
24, 41
24, 41
24, 41
24, 41
24, 41
24, 41
24, 41
24, 41
24, 41
24, 41
24, 41
24, 41
24, 41
24, 41
24, 41
24, 41
24, 41
24, 41
24, 41
25, 41
25, 41
25, 41
25, 41
25, 41
25, 41
25, 40
25, 39
25, 37
25, 35
25, 35
25, 33
25, 32
25, 32
26, 31
26, 31
26, 31
26, 31
26, 31
26, 31
26, 31
26, 31
26, 31
26, 31
26, 31
26, 31
26, 31
26, 31
26, 32
26, 31
26, 31
26, 31
26, 33
26, 35
26, 35
26, 35
26, 35
26, 35
26, 35
26, 35
26, 35
26, 35
26, 35
26, 36
26, 36
26, 38
26, 38
26, 38
26, 38
26, 38
26, 38
26, 37
26, 36
26, 36
26, 37
26, 38
28, 35
29, 34
29, 35
29, 35
29, 35
29, 35
29, 35
29, 35
29, 35
29, 35
29, 35
29, 35
29, 35
29, 35
29, 34
29, 34
29, 32
29, 32
29, 33
29, 34
29, 34
29, 34
29, 34
29, 34
29, 35
29, 35
29, 35
29, 35
29, 36
29, 36
29, 36
29, 35
29, 34
29, 34
29, 34
29, 34
29, 34
29, 34
29, 34
29, 35
29, 35
29, 35
29, 35
29, 34
29, 33
29, 33
29, 33
29, 33
29, 33
29, 33
29, 33
29, 33
29, 33
29, 33
29, 33
29, 32
29, 32
29, 32
29, 32
29, 32
29, 32
